0.0000 3.0477 3.2386 3.0927 -0.0551 0.0018 0.0067
0.7365 3.0602 3.2520 3.1052 -0.0554 0.0018 0.0066
1.4702 3.0998 3.2938 3.1446 -0.0560 0.0017 0.0063
2.1986 3.1735 3.3701 3.2179 -0.0568 0.0015 0.0054
2.9191 3.2942 3.4942 3.3365 -0.0578 0.0010 0.0037
3.6302 3.4179 3.6814 3.4458 -0.0761 0.0021 0.0080
4.3303 3.5078 3.8660 3.5292 -0.1034 0.0089 0.0331
5.0186 3.5094 3.9439 3.5792 -0.1255 0.0052 0.0194
5.6948 3.5107 3.8212 3.6880 -0.0897 0.0017 0.0065
6.3588 3.6523 3.7693 3.7602 -0.0338 0.0120 0.0447
7.0113 3.5615 3.7765 3.6747 -0.0621 0.0118 0.0441
7.6532 3.3563 3.6842 3.6822 -0.0947 0.0012 0.0045
8.2855 3.2427 3.6756 3.6806 -0.1250 -0.0189 -0.0704
8.9099 3.0858 3.7279 3.4559 -0.1854 -0.0225 -0.0838
9.5280 2.9912 3.5222 3.0098 -0.1533 0.0085 0.0317
10.1417 2.9060 2.9674 2.6323 -0.0177 0.0324 0.1210
10.7528 2.6425 2.2950 2.4349 0.1004 0.0317 0.1184
11.3637 2.2217 1.7173 1.9920 0.1457 0.0278 0.1039
11.9766 1.9698 1.3952 1.5944 0.1659 0.0085 0.0318
12.5940 1.8710 1.3794 1.5852 0.1420 -0.0219 -0.0817
13.2186 1.7623 1.4835 1.6475 0.0805 -0.0386 -0.1439
13.8533 1.6183 1.3534 1.5987 0.0765 -0.0457 -0.1706
14.5014 1.4174 1.1157 1.4843 0.0871 -0.0347 -0.1293
15.1664 1.1084 0.9559 1.2359 0.0440 -0.0150 -0.0561
15.8522 0.8060 0.7040 0.8899 0.0294 -0.0017 -0.0062
16.5632 0.6966 0.3747 0.6239 0.0930 0.0126 0.0470
17.3041 0.5448 0.0742 0.4002 0.1359 0.0161 0.0602
18.0816 0.2799 -0.0771 0.1936 0.1031 0.0083 0.0311
18.9013 0.1316 0.0276 0.0932 0.0300 0.0008 0.0030
19.7716 0.0896 0.1184 0.0659 -0.0083 -0.0045 -0.0166
20.7020 0.0665 0.0599 0.0238 0.0019 -0.0032 -0.0118
21.7027 0.0954 0.0666 0.0764 0.0083 -0.0022 -0.0083
22.7883 0.1879 0.1729 0.1803 0.0043 0.0017 0.0064
23.9754 0.3052 0.3019 0.2815 0.0010 0.0046 0.0173
25.2836 0.4016 0.4303 0.3917 -0.0083 0.0006 0.0021
26.7388 0.4401 0.4754 0.4270 -0.0102 0.0004 0.0016
28.3750 0.4686 0.4848 0.4423 -0.0047 0.0034 0.0128
30.2331 0.5105 0.5356 0.4987 -0.0072 0.0034 0.0127
32.3707 0.5351 0.5471 0.5211 -0.0035 0.0023 0.0088
34.8619 0.5394 0.5086 0.5384 0.0089 0.0005 0.0017
37.8112 0.5815 0.5423 0.5855 0.0113 -0.0019 -0.0071
41.3640 0.6464 0.6270 0.6366 0.0056 -0.0010 -0.0037
45.7341 0.6689 0.6677 0.6667 0.0004 0.0000 0.0002
51.2446 0.7222 0.7277 0.7286 -0.0016 -0.0004 -0.0014
58.4110 0.8165 0.8168 0.8189 -0.0001 -0.0002 -0.0009
68.1055 0.8789 0.8782 0.8797 0.0002 -0.0001 -0.0005
81.9337 0.9214 0.9207 0.9217 0.0002 -0.0001 -0.0003
103.2077 0.9525 0.9520 0.9527 0.0002 0.0000 -0.0002
140.0347 0.9750 0.9746 0.9750 0.0001 0.0000 -0.0001
218.9313 0.9899 0.9898 0.9900 0.0000 0.0000 0.0000
      
      
      
      
      
dim="1">gridpoints</dimension>      
      
      
      
      
      
      
      
      
0.0000 2.8773 3.0784 2.9514 0.0551 -0.0018 -0.0067
0.7365 2.8884 3.0905 2.9628 0.0554 -0.0018 -0.0066
1.4702 2.9235 3.1282 2.9986 0.0560 -0.0017 -0.0063
2.1986 2.9889 3.1969 3.0653 0.0568 -0.0015 -0.0054
2.9191 3.0958 3.3087 3.1732 0.0578 -0.0010 -0.0037
3.6302 3.2032 3.4770 3.2704 0.0761 -0.0021 -0.0080
4.3303 3.2780 3.6412 3.3414 0.1034 -0.0089 -0.0331
5.0186 3.2772 3.7097 3.3831 0.1255 -0.0052 -0.0194
5.6948 3.2774 3.6054 3.4783 0.0897 -0.0017 -0.0065
6.3588 3.4076 3.5516 3.5547 0.0338 -0.0120 -0.0447
7.0113 3.3801 3.5683 3.4898 0.0621 -0.0118 -0.0441
7.6532 3.2179 3.4904 3.4855 0.0947 -0.0012 -0.0045
8.2855 3.1398 3.4868 3.5091 0.1250 0.0189 0.0704
8.9099 2.9877 3.5638 3.3880 0.1854 0.0225 0.0838
9.5280 2.8646 3.4546 3.0380 0.1533 -0.0085 -0.0317
10.1417 2.7496 2.9966 2.6125 0.0177 -0.0324 -0.1210
10.7528 2.5372 2.3554 2.3691 -0.1004 -0.0317 -0.1184
11.3637 2.1451 1.7472 2.0035 -0.1457 -0.0278 -0.1039
11.9766 1.8482 1.3568 1.5926 -0.1659 -0.0085 -0.0318
12.5940 1.7692 1.2646 1.5170 -0.1420 0.0219 0.0817
13.2186 1.6876 1.3802 1.5515 -0.0805 0.0386 0.1439
13.8533 1.5904 1.3557 1.5259 -0.0765 0.0457 0.1706
14.5014 1.4615 1.2013 1.4628 -0.0871 0.0347 0.1293
15.1664 1.2670 1.0981 1.2959 -0.0440 0.0150 0.0561
15.8522 0.9886 0.9343 1.0036 -0.0294 0.0017 0.0062
16.5632 0.8528 0.6418 0.7811 -0.0930 -0.0126 -0.0470
17.3041 0.7660 0.3501 0.6017 -0.1359 -0.0161 -0.0602
18.0816 0.5887 0.1354 0.4151 -0.1031 -0.0083 -0.0311
18.9013 0.4514 0.1911 0.3196 -0.0300 -0.0008 -0.0030
19.7716 0.3280 0.3015 0.2827 0.0083 0.0045 0.0166
20.7020 0.2338 0.2378 0.1961 -0.0019 0.0032 0.0118
21.7027 0.2282 0.1911 0.2041 -0.0083 0.0022 0.0083
22.7883 0.2866 0.2407 0.2710 -0.0043 -0.0017 -0.0064
23.9754 0.3751 0.3358 0.3294 -0.0010 -0.0046 -0.0173
25.2836 0.4462 0.4567 0.4200 0.0083 -0.0006 -0.0021
26.7388 0.5025 0.5346 0.5017 0.0102 -0.0004 -0.0016
28.3750 0.5415 0.5448 0.5099 0.0047 -0.0034 -0.0128
30.2331 0.5724 0.5911 0.5513 0.0072 -0.0034 -0.0127
32.3707 0.5957 0.6191 0.5652 0.0035 -0.0023 -0.0088
34.8619 0.6004 0.5894 0.5668 -0.0089 -0.0005 -0.0017
37.8112 0.5686 0.4909 0.5807 -0.0113 0.0019 0.0071
41.3640 0.6356 0.6000 0.6284 -0.0056 0.0010 0.0037
45.7341 0.6830 0.6692 0.6745 -0.0004 0.0000 -0.0002
51.2446 0.7009 0.7168 0.7122 0.0016 0.0004 0.0014
58.4110 0.8087 0.8117 0.8131 0.0001 0.0002 0.0009
68.1055 0.8761 0.8763 0.8776 -0.0002 0.0001 0.0005
81.9337 0.9204 0.9199 0.9209 -0.0002 0.0001 0.0003
103.2077 0.9522 0.9517 0.9524 -0.0002 0.0000 0.0002
140.0347 0.9749 0.9746 0.9749 -0.0001 0.0000 0.0001
218.9313 0.9899 0.9898 0.9899 0.0000 0.0000 0.0000
      
      
      
      
      
dim="1">gridpoints</dimension>      
      
      
      
      
      
      
      
      
0.0000 2.8773 3.0784 2.9514 0.0371 -0.0012 -0.0045
0.7365 2.8884 3.0905 2.9628 0.0372 -0.0012 -0.0044
1.4702 2.9235 3.1282 2.9986 0.0377 -0.0011 -0.0042
2.1986 2.9889 3.1969 3.0653 0.0382 -0.0010 -0.0037
2.9191 3.0958 3.3087 3.1732 0.0388 -0.0007 -0.0025
3.6302 3.2032 3.4770 3.2704 0.0512 -0.0014 -0.0054
4.3303 3.2780 3.6412 3.3414 0.0695 -0.0060 -0.0223
5.0186 3.2772 3.7097 3.3831 0.0844 -0.0035 -0.0130
5.6948 3.2774 3.6054 3.4783 0.0603 -0.0012 -0.0044
6.3588 3.4076 3.5516 3.5547 0.0227 -0.0080 -0.0300
7.0113 3.3801 3.5683 3.4898 0.0417 -0.0079 -0.0296
7.6532 3.2179 3.4904 3.4855 0.0637 -0.0008 -0.0030
8.2855 3.1398 3.4868 3.5091 0.0840 0.0127 0.0473
8.9099 2.9877 3.5638 3.3880 0.1247 0.0151 0.0563
9.5280 2.8646 3.4546 3.0380 0.1031 -0.0057 -0.0213
10.1417 2.7496 2.9966 2.6125 0.0119 -0.0218 -0.0813
10.7528 2.5372 2.3554 2.3691 -0.0675 -0.0213 -0.0796
11.3637 2.1451 1.7472 2.0035 -0.0979 -0.0187 -0.0698
11.9766 1.8482 1.3568 1.5926 -0.1116 -0.0057 -0.0214
12.5940 1.7692 1.2646 1.5170 -0.0954 0.0147 0.0549
13.2186 1.6876 1.3802 1.5515 -0.0541 0.0259 0.0967
13.8533 1.5904 1.3557 1.5259 -0.0514 0.0307 0.1147
14.5014 1.4615 1.2013 1.4628 -0.0586 0.0233 0.0869
15.1664 1.2670 1.0981 1.2959 -0.0296 0.0101 0.0377
15.8522 0.9886 0.9343 1.0036 -0.0198 0.0011 0.0042
16.5632 0.8528 0.6418 0.7811 -0.0625 -0.0085 -0.0316
17.3041 0.7660 0.3501 0.6017 -0.0914 -0.0109 -0.0405
18.0816 0.5887 0.1354 0.4151 -0.0693 -0.0056 -0.0209
18.9013 0.4514 0.1911 0.3196 -0.0202 -0.0005 -0.0020
19.7716 0.3280 0.3015 0.2827 0.0056 0.0030 0.0112
20.7020 0.2338 0.2378 0.1961 -0.0013 0.0021 0.0079
21.7027 0.2282 0.1911 0.2041 -0.0056 0.0015 0.0056
22.7883 0.2866 0.2407 0.2710 -0.0029 -0.0012 -0.0043
23.9754 0.3751 0.3358 0.3294 -0.0006 -0.0031 -0.0116
25.2836 0.4462 0.4567 0.4200 0.0056 -0.0004 -0.0014
26.7388 0.5025 0.5346 0.5017 0.0069 -0.0003 -0.0011
28.3750 0.5415 0.5448 0.5099 0.0031 -0.0023 -0.0086
30.2331 0.5724 0.5911 0.5513 0.0049 -0.0023 -0.0085
32.3707 0.5957 0.6191 0.5652 0.0023 -0.0016 -0.0059
34.8619 0.6004 0.5894 0.5668 -0.0060 -0.0003 -0.0012
37.8112 0.5686 0.4909 0.5807 -0.0076 0.0013 0.0048
41.3640 0.6356 0.6000 0.6284 -0.0038 0.0007 0.0025
45.7341 0.6830 0.6692 0.6745 -0.0002 0.0000 -0.0001
51.2446 0.7009 0.7168 0.7122 0.0011 0.0002 0.0009
58.4110 0.8087 0.8117 0.8131 0.0001 0.0002 0.0006
68.1055 0.8761 0.8763 0.8776 -0.0001 0.0001 0.0003
81.9337 0.9204 0.9199 0.9209 -0.0001 0.0000 0.0002
103.2077 0.9522 0.9517 0.9524 -0.0001 0.0000 0.0001
140.0347 0.9749 0.9746 0.9749 -0.0001 0.0000 0.0001
218.9313 0.9899 0.9898 0.9899 0.0000 0.0000 0.0000
