0.0000 0.0000 0.0000 0.0000 0.0000 0.0000 0.0000
0.7365 0.0154 0.0164 0.0154 -0.0003 0.0000 -0.0001
1.4702 0.0339 0.0352 0.0337 -0.0004 -0.0001 -0.0003
2.1986 0.0616 0.0608 0.0612 0.0002 -0.0003 -0.0011
2.9191 0.1245 0.1050 0.1248 0.0056 -0.0012 -0.0044
3.6302 0.2672 0.2119 0.2629 0.0160 -0.0038 -0.0142
4.3303 0.4598 0.4542 0.4164 0.0016 -0.0032 -0.0120
5.0186 0.6821 0.7994 0.5893 -0.0339 0.0059 0.0221
5.6948 0.7996 1.1173 0.7390 -0.0918 -0.0023 -0.0086
6.3588 1.0105 1.2219 1.0625 -0.0610 -0.0010 -0.0037
7.0113 1.4386 1.4916 1.3269 -0.0153 0.0118 0.0441
7.6532 1.5822 1.7007 1.5157 -0.0342 0.0184 0.0688
8.2855 1.7666 1.8944 1.9064 -0.0369 0.0149 0.0557
8.9099 1.8948 2.2489 2.3360 -0.1023 -0.0164 -0.0613
9.5280 2.0158 2.8391 2.6287 -0.2377 -0.0309 -0.1152
10.1417 2.2268 3.2505 2.6138 -0.2956 -0.0107 -0.0399
10.7528 2.5121 3.3655 2.6928 -0.2464 0.0117 0.0437
11.3637 2.5757 3.1520 2.8205 -0.1664 0.0269 0.1003
11.9766 2.4298 2.7880 2.5133 -0.1035 0.0487 0.1817
12.5940 2.3808 2.4540 2.2458 -0.0211 0.0433 0.1615
13.2186 2.3950 2.4323 2.2187 -0.0108 0.0260 0.0971
13.8533 2.4557 2.5731 2.3119 -0.0339 0.0028 0.0103
14.5014 2.5161 2.5452 2.4050 -0.0084 -0.0217 -0.0810
15.1664 2.5459 2.5120 2.5467 0.0098 -0.0277 -0.1034
15.8522 2.3690 2.5267 2.4956 -0.0455 -0.0264 -0.0986
16.5632 2.1808 2.3969 2.3539 -0.0624 -0.0206 -0.0768
17.3041 2.1490 2.1416 2.1774 0.0021 -0.0029 -0.0108
18.0816 1.9807 1.7221 1.9566 0.0747 0.0042 0.0159
18.9013 1.6931 1.3820 1.6548 0.0898 0.0067 0.0251
19.7716 1.4445 1.2862 1.4461 0.0457 0.0016 0.0059
20.7020 1.2203 1.1536 1.2084 0.0193 -0.0024 -0.0088
21.7027 0.9808 0.9072 0.9543 0.0212 -0.0034 -0.0128
22.7883 0.7934 0.7252 0.7920 0.0197 -0.0064 -0.0240
23.9754 0.6644 0.5966 0.6633 0.0196 -0.0005 -0.0018
25.2836 0.6133 0.5532 0.5965 0.0173 0.0010 0.0037
26.7388 0.5719 0.5616 0.5862 0.0030 -0.0026 -0.0096
28.3750 0.5006 0.4958 0.4868 0.0014 -0.0016 -0.0059
30.2331 0.4400 0.4410 0.4301 -0.0003 0.0012 0.0046
32.3707 0.3955 0.4355 0.3843 -0.0115 0.0020 0.0074
34.8619 0.3276 0.3617 0.3061 -0.0099 0.0037 0.0138
37.8112 0.2213 0.2145 0.2240 0.0019 0.0017 0.0063
41.3640 0.1784 0.1594 0.1756 0.0055 -0.0007 -0.0025
45.7341 0.1361 0.1164 0.1205 0.0057 0.0005 0.0017
51.2446 0.0314 0.0291 0.0283 0.0007 0.0002 0.0007
58.4110 0.0052 0.0049 0.0049 0.0001 0.0000 0.0001
68.1055 0.0019 0.0019 0.0019 0.0000 0.0000 0.0000
81.9337 0.0009 0.0009 0.0009 0.0000 0.0000 0.0000
103.2077 0.0004 0.0004 0.0004 0.0000 0.0000 0.0000
140.0347 0.0002 0.0002 0.0002 0.0000 0.0000 0.0000
218.9313 0.0000 0.0000 0.0000 0.0000 0.0000 0.0000
      
      
      
      
      
dim="1">gridpoints</dimension>      
      
      
      
      
      
      
      
      
0.0000 0.0000 0.0000 0.0000 0.0000 0.0000 0.0000
0.7365 0.0137 0.0148 0.0140 0.0003 0.0000 0.0001
1.4702 0.0300 0.0318 0.0307 0.0004 0.0001 0.0003
2.1986 0.0547 0.0548 0.0558 -0.0002 0.0003 0.0011
2.9191 0.1110 0.0947 0.1144 -0.0056 0.0012 0.0044
3.6302 0.2387 0.1911 0.2416 -0.0160 0.0038 0.0142
4.3303 0.4066 0.4087 0.3797 -0.0016 0.0032 0.0120
5.0186 0.5966 0.7146 0.5320 0.0339 -0.0059 -0.0221
5.6948 0.6898 0.9991 0.6569 0.0918 0.0023 0.0086
6.3588 0.8523 1.0899 0.9371 0.0610 0.0010 0.0037
7.0113 1.2203 1.3207 1.1805 0.0153 -0.0118 -0.0441
7.6532 1.3803 1.5091 1.3446 0.0342 -0.0184 -0.0688
8.2855 1.5723 1.6684 1.6576 0.0369 -0.0149 -0.0557
8.9099 1.7367 1.9625 2.0477 0.1023 0.0164 0.0613
9.5280 1.8664 2.5060 2.4173 0.2377 0.0309 0.1152
10.1417 2.0360 2.9659 2.4894 0.2956 0.0107 0.0399
10.7528 2.2702 3.1609 2.5217 0.2464 -0.0117 -0.0437
11.3637 2.3759 3.0188 2.6291 0.1664 -0.0269 -0.1003
11.9766 2.2131 2.6767 2.4078 0.1035 -0.0487 -0.1817
12.5940 2.1082 2.2882 2.1331 0.0211 -0.0433 -0.1615
13.2186 2.0928 2.1492 2.0467 0.0108 -0.0260 -0.0971
13.8533 2.1112 2.2296 2.0765 0.0339 -0.0028 -0.0103
14.5014 2.1469 2.2230 2.1267 0.0084 0.0217 0.0810
15.1664 2.2004 2.2044 2.2558 -0.0098 0.0277 0.1034
15.8522 2.1252 2.2593 2.2392 0.0455 0.0264 0.0986
16.5632 1.9475 2.2220 2.1176 0.0624 0.0206 0.0768
17.3041 1.8935 2.0536 1.9943 -0.0021 0.0029 0.0108
18.0816 1.8005 1.7107 1.8212 -0.0747 -0.0042 -0.0159
18.9013 1.6472 1.3592 1.5834 -0.0898 -0.0067 -0.0251
19.7716 1.4871 1.2682 1.4336 -0.0457 -0.0016 -0.0059
20.7020 1.2718 1.1917 1.2462 -0.0193 0.0024 0.0088
21.7027 1.0299 0.9812 1.0016 -0.0212 0.0034 0.0128
22.7883 0.8482 0.7977 0.8527 -0.0197 0.0064 0.0240
23.9754 0.7096 0.6406 0.7115 -0.0196 0.0005 0.0018
25.2836 0.6386 0.5606 0.6054 -0.0173 -0.0010 -0.0037
26.7388 0.5635 0.5508 0.5687 -0.0030 0.0026 0.0096
28.3750 0.5203 0.5112 0.5217 -0.0014 0.0016 0.0059
30.2331 0.4664 0.4547 0.4620 0.0003 -0.0012 -0.0046
32.3707 0.4250 0.4599 0.4249 0.0115 -0.0020 -0.0074
34.8619 0.3888 0.4405 0.3553 0.0099 -0.0037 -0.0138
37.8112 0.2947 0.3003 0.2765 -0.0019 -0.0017 -0.0063
41.3640 0.1787 0.1545 0.1734 -0.0055 0.0007 0.0025
45.7341 0.1662 0.1284 0.1451 -0.0057 -0.0005 -0.0017
51.2446 0.0425 0.0349 0.0359 -0.0007 -0.0002 -0.0007
58.4110 0.0059 0.0054 0.0054 -0.0001 0.0000 -0.0001
68.1055 0.0020 0.0020 0.0020 0.0000 0.0000 0.0000
81.9337 0.0010 0.0010 0.0010 0.0000 0.0000 0.0000
103.2077 0.0004 0.0004 0.0004 0.0000 0.0000 0.0000
140.0347 0.0002 0.0002 0.0002 0.0000 0.0000 0.0000
218.9313 0.0000 0.0000 0.0000 0.0000 0.0000 0.0000
      
      
      
      
      
dim="1">gridpoints</dimension>      
      
      
      
      
      
      
      
      
0.0000 0.0000 0.0000 0.0000 0.0000 0.0000 0.0000
0.7365 0.0137 0.0148 0.0140 0.0002 0.0000 0.0001
1.4702 0.0300 0.0318 0.0307 0.0003 0.0001 0.0002
2.1986 0.0547 0.0548 0.0558 -0.0002 0.0002 0.0007
2.9191 0.1110 0.0947 0.1144 -0.0038 0.0008 0.0029
3.6302 0.2387 0.1911 0.2416 -0.0107 0.0026 0.0096
4.3303 0.4066 0.4087 0.3797 -0.0011 0.0022 0.0080
5.0186 0.5966 0.7146 0.5320 0.0228 -0.0040 -0.0149
5.6948 0.6898 0.9991 0.6569 0.0617 0.0015 0.0058
6.3588 0.8523 1.0899 0.9371 0.0410 0.0007 0.0025
7.0113 1.2203 1.3207 1.1805 0.0103 -0.0079 -0.0296
7.6532 1.3803 1.5091 1.3446 0.0230 -0.0124 -0.0463
8.2855 1.5723 1.6684 1.6576 0.0248 -0.0100 -0.0375
8.9099 1.7367 1.9625 2.0477 0.0687 0.0110 0.0412
9.5280 1.8664 2.5060 2.4173 0.1598 0.0208 0.0774
10.1417 2.0360 2.9659 2.4894 0.1987 0.0072 0.0268
10.7528 2.2702 3.1609 2.5217 0.1657 -0.0079 -0.0294
11.3637 2.3759 3.0188 2.6291 0.1119 -0.0181 -0.0674
11.9766 2.2131 2.6767 2.4078 0.0696 -0.0327 -0.1222
12.5940 2.1082 2.2882 2.1331 0.0142 -0.0291 -0.1086
13.2186 2.0928 2.1492 2.0467 0.0072 -0.0175 -0.0653
13.8533 2.1112 2.2296 2.0765 0.0228 -0.0019 -0.0069
14.5014 2.1469 2.2230 2.1267 0.0056 0.0146 0.0545
15.1664 2.2004 2.2044 2.2558 -0.0066 0.0186 0.0695
15.8522 2.1252 2.2593 2.2392 0.0306 0.0178 0.0663
16.5632 1.9475 2.2220 2.1176 0.0419 0.0138 0.0516
17.3041 1.8935 2.0536 1.9943 -0.0014 0.0019 0.0072
18.0816 1.8005 1.7107 1.8212 -0.0502 -0.0029 -0.0107
18.9013 1.6472 1.3592 1.5834 -0.0604 -0.0045 -0.0169
19.7716 1.4871 1.2682 1.4336 -0.0307 -0.0011 -0.0040
20.7020 1.2718 1.1917 1.2462 -0.0129 0.0016 0.0059
21.7027 1.0299 0.9812 1.0016 -0.0143 0.0023 0.0086
22.7883 0.8482 0.7977 0.8527 -0.0132 0.0043 0.0161
23.9754 0.7096 0.6406 0.7115 -0.0132 0.0003 0.0012
25.2836 0.6386 0.5606 0.6054 -0.0117 -0.0007 -0.0025
26.7388 0.5635 0.5508 0.5687 -0.0020 0.0017 0.0065
28.3750 0.5203 0.5112 0.5217 -0.0009 0.0011 0.0040
30.2331 0.4664 0.4547 0.4620 0.0002 -0.0008 -0.0031
32.3707 0.4250 0.4599 0.4249 0.0078 -0.0013 -0.0050
34.8619 0.3888 0.4405 0.3553 0.0066 -0.0025 -0.0093
37.8112 0.2947 0.3003 0.2765 -0.0013 -0.0011 -0.0043
41.3640 0.1787 0.1545 0.1734 -0.0037 0.0005 0.0017
45.7341 0.1662 0.1284 0.1451 -0.0038 -0.0003 -0.0012
51.2446 0.0425 0.0349 0.0359 -0.0004 -0.0001 -0.0005
58.4110 0.0059 0.0054 0.0054 0.0000 0.0000 -0.0001
68.1055 0.0020 0.0020 0.0020 0.0000 0.0000 0.0000
81.9337 0.0010 0.0010 0.0010 0.0000 0.0000 0.0000
103.2077 0.0004 0.0004 0.0004 0.0000 0.0000 0.0000
140.0347 0.0002 0.0002 0.0002 0.0000 0.0000 0.0000
218.9313 0.0000 0.0000 0.0000 0.0000 0.0000 0.0000
