    1    2    6
   1.000
    1    1  0.0200  0.0000  0.0000
 -0.032833   0.108616   0.017857
  0.032833  -0.108616  -0.017857
    1    2  0.0000  0.0200  0.0000
  0.109398  -0.585455  -0.094050
 -0.109398   0.585455   0.094050
    1    3  0.0000  0.0000  0.0200
  0.017848  -0.093268  -0.027372
 -0.017848   0.093268   0.027372
    2    1  0.0200  0.0000  0.0000
  0.032822  -0.108361  -0.017803
 -0.032822   0.108361   0.017803
    2    2  0.0000  0.0200  0.0000
 -0.109508   0.585667   0.094034
  0.109508  -0.585667  -0.094034
    2    3  0.0000  0.0000  0.0200
 -0.017879   0.093455   0.027650
  0.017879  -0.093455  -0.027650
