    1    2    6
   1.000
    1    1  0.0200  0.0000  0.0000
  0.008370   0.000004   0.000000
 -0.008370  -0.000004   0.000000
    1    2  0.0000  0.0200  0.0000
 -0.000000  -0.722770   0.000000
  0.000000   0.722770   0.000000
    1    3  0.0000  0.0000  0.0200
  0.000000   0.000037   0.008393
 -0.000000  -0.000037  -0.008393
    2    1  0.0200  0.0000  0.0000
 -0.008101   0.000008   0.000000
  0.008101  -0.000008   0.000000
    2    2  0.0000  0.0200  0.0000
  0.000000   0.722917   0.000000
 -0.000000  -0.722917   0.000000
    2    3  0.0000  0.0000  0.0200
  0.000000   0.000001  -0.008389
 -0.000000  -0.000001   0.008389
