# Kpath    Energy-Level (in eV)
# Band    1
       0.00000     -14.54063
       0.12809     -14.48597
       0.25617     -14.32291
       0.38426     -14.05442
       0.51234     -13.68641
       0.64043     -13.22973
       0.76851     -12.70500
       0.89660     -12.15541
       1.02469     -11.67941
       1.15277     -11.47259
       1.15277     -11.47259
       1.19806     -11.47149
       1.24334     -11.46843
       1.28863     -11.46420
       1.33391     -11.46011
       1.37920     -11.45802
       1.42448     -11.46031
       1.46977     -11.46983
       1.51505     -11.48976
       1.56034     -11.52334
       1.56034     -11.52334
       1.69619     -11.73168
       1.83205     -12.11092
       1.96791     -12.60277
       2.10376     -13.12111
       2.23962     -13.60012
       2.37547     -13.99961
       2.51133     -14.29680
       2.64718     -14.47921
       2.78304     -14.54063
       2.78304     -14.54063
       2.89396     -14.49966
       3.00489     -14.37766
       3.11582     -14.17775
       3.22674     -13.90620
       3.33767     -13.57470
       3.44859     -13.20504
       3.55952     -12.83830
       3.67044     -12.54767
       3.78137     -12.43261
       3.78137     -12.43261
       3.87194     -12.40942
       3.96251     -12.34094
       4.05308     -12.23040
       4.14365     -12.08391
       4.23422     -11.91171
       4.32479     -11.72999
       4.41536     -11.56272
       4.50593     -11.44129
       4.59650     -11.39632
       4.59650     -11.39632
       4.66054     -11.39870
       4.72459     -11.40549
       4.78863     -11.41584
       4.85267     -11.42841
       4.91672     -11.44165
       4.98076     -11.45395
       5.04480     -11.46390
       5.10884     -11.47036
       5.17289     -11.47259
# Band    2
       5.17289      -8.09234
       5.10884      -8.08533
       5.04480      -8.06482
       4.98076      -8.03245
       4.91672      -7.99104
       4.85267      -7.94467
       4.78863      -7.89862
       4.72459      -7.85907
       4.66054      -7.83217
       4.59650      -7.82261
       4.59650      -7.82261
       4.50593      -7.79087
       4.41536      -7.72365
       4.32479      -7.67961
       4.23422      -7.69409
       4.14365      -7.75686
       4.05308      -7.83775
       3.96251      -7.91093
       3.87194      -7.96031
       3.78137      -7.97762
       3.78137      -7.97762
       3.67044      -7.77621
       3.55952      -7.22822
       3.44859      -6.43799
       3.33767      -5.48792
       3.22674      -4.43457
       3.11582      -3.32639
       3.00489      -2.22661
       2.89396      -1.26854
       2.78304      -0.82009
       2.78304      -0.82009
       2.64718      -1.41086
       2.51133      -2.54917
       2.37547      -3.74409
       2.23962      -4.85719
       2.10376      -5.83291
       1.96791      -6.63486
       1.83205      -7.23285
       1.69619      -7.61801
       1.56034      -7.83824
       1.56034      -7.83824
       1.51505      -7.88989
       1.46977      -7.93488
       1.42448      -7.97439
       1.37920      -8.00878
       1.33391      -8.03787
       1.28863      -8.06123
       1.24334      -8.07836
       1.19806      -8.08882
       1.15277      -8.09234
       1.15277      -8.09234
       1.02469      -7.81500
       0.89660      -7.12954
       0.76851      -6.23748
       0.64043      -5.24586
       0.51234      -4.20790
       0.38426      -3.15793
       0.25617      -2.13627
       0.12809      -1.24459
       0.00000      -0.82009
# Band    3
       0.00000      -0.82009
       0.12809      -0.97903
       0.25617      -1.37615
       0.38426      -1.87258
       0.51234      -2.37100
       0.64043      -2.81765
       0.76851      -3.18362
       0.89660      -3.45312
       1.02469      -3.61760
       1.15277      -3.67284
       1.15277      -3.67284
       1.19806      -3.71006
       1.24334      -3.81557
       1.28863      -3.97367
       1.33391      -4.16461
       1.37920      -4.36914
       1.42448      -4.57059
       1.46977      -4.75539
       1.51505      -4.91293
       1.56034      -5.03545
       1.56034      -5.03545
       1.69619      -5.15708
       1.83205      -4.92827
       1.96791      -4.43892
       2.10376      -3.77670
       2.23962      -3.01314
       2.37547      -2.22435
       2.51133      -1.51178
       2.64718      -1.00463
       2.78304      -0.82009
       2.78304      -0.82009
       2.89396      -0.87171
       3.00489      -1.01068
       3.11582      -1.20102
       3.22674      -1.40624
       3.33767      -1.59891
       3.44859      -1.76123
       3.55952      -1.88265
       3.67044      -1.95733
       3.78137      -1.98250
       3.78137      -1.98250
       3.87194      -2.19997
       3.96251      -2.72026
       4.05308      -3.34329
       4.14365      -3.94267
       4.23422      -4.43633
       4.32479      -4.75988
       4.41536      -4.87705
       4.50593      -4.80585
       4.59650      -4.67263
       4.59650      -4.67263
       4.66054      -4.64512
       4.72459      -4.56550
       4.78863      -4.44197
       4.85267      -4.28696
       4.91672      -4.11625
       4.98076      -3.94861
       5.04480      -3.80522
       5.10884      -3.70761
       5.17289      -3.67284
# Band    4
       5.17289      -3.67284
       5.10884      -3.70055
       5.04480      -3.77792
       4.98076      -3.89031
       4.91672      -4.01955
       4.85267      -4.14836
       4.78863      -4.26252
       4.72459      -4.35135
       4.66054      -4.40749
       4.59650      -4.42667
       4.59650      -4.42667
       4.50593      -4.19758
       4.41536      -3.82832
       4.32479      -3.42977
       4.23422      -3.03735
       4.14365      -2.67995
       4.05308      -2.38213
       3.96251      -2.16150
       3.87194      -2.02733
       3.78137      -1.98250
       3.78137      -1.98250
       3.67044      -1.95733
       3.55952      -1.88265
       3.44859      -1.76123
       3.33767      -1.59891
       3.22674      -1.40624
       3.11582      -1.20102
       3.00489      -1.01068
       2.89396      -0.87171
       2.78304      -0.82009
       2.78304      -0.82009
       2.64718      -0.84598
       2.51133      -0.93103
       2.37547      -1.09241
       2.23962      -1.34361
       2.10376      -1.67963
       1.96791      -2.07334
       1.83205      -2.48487
       1.69619      -2.87407
       1.56034      -3.20768
       1.56034      -3.20768
       1.51505      -3.30207
       1.46977      -3.38682
       1.42448      -3.46137
       1.37920      -3.52521
       1.33391      -3.57796
       1.28863      -3.61930
       1.24334      -3.64899
       1.19806      -3.66687
       1.15277      -3.67284
       1.15277      -3.67284
       1.02469      -3.61760
       0.89660      -3.45312
       0.76851      -3.18362
       0.64043      -2.81765
       0.51234      -2.37100
       0.38426      -1.87258
       0.25617      -1.37615
       0.12809      -0.97902
       0.00000      -0.82009
# Band    5
       0.00000       2.07415
       0.12809       2.47379
       0.25617       3.14620
       0.38426       2.88500
       0.51234       2.41714
       0.64043       2.01605
       0.76851       1.72094
       0.89660       1.54952
       1.02469       1.50657
       1.15277       1.53910
       1.15277       1.53910
       1.19806       1.56917
       1.24334       1.63023
       1.28863       1.68786
       1.33391       1.74445
       1.37920       1.80728
       1.42448       1.87940
       1.46977       1.96178
       1.51505       2.05453
       1.56034       2.15732
       1.56034       2.15732
       1.69619       2.51786
       1.83205       2.92479
       1.96791       3.29784
       2.10376       3.50263
       2.23962       3.46270
       2.37547       3.26127
       2.51133       2.95452
       2.64718       2.46377
       2.78304       2.07415
       2.78304       2.07415
       2.89396       2.34740
       3.00489       2.64460
       3.11582       2.60473
       3.22674       2.41167
       3.33767       2.19800
       3.44859       2.01185
       3.55952       1.87181
       3.67044       1.78564
       3.78137       1.75661
       3.78137       1.75661
       3.87194       1.96447
       3.96251       2.44129
       4.05308       2.96300
       4.14365       3.41536
       4.23422       3.77093
       4.32479       4.04564
       4.41536       4.30401
       4.50593       4.57698
       4.59650       4.74966
       4.59650       4.74966
       4.66054       4.50683
       4.72459       4.01306
       4.78863       3.47518
       4.85267       2.95904
       4.91672       2.49343
       4.98076       2.09933
       5.04480       1.79674
       5.10884       1.60497
       5.17289       1.53910
# Band    6
       5.17289       1.79267
       5.10884       1.86085
       5.04480       2.05899
       4.98076       2.37067
       4.91672       2.77549
       4.85267       3.25340
       4.78863       3.78556
       4.72459       4.35030
       4.66054       4.90108
       4.59650       5.21515
       4.59650       5.21515
       4.50593       5.25281
       4.41536       5.02028
       4.32479       4.68457
       4.23422       4.43767
       4.14365       4.35830
       4.05308       4.43294
       3.96251       4.60380
       3.87194       4.78528
       3.78137       4.86603
       3.78137       4.86603
       3.67044       4.88807
       3.55952       4.94366
       3.44859       4.99950
       3.33767       4.99829
       3.22674       4.88165
       3.11582       4.64734
       3.00489       4.37033
       2.89396       4.13039
       2.78304       4.06884
       2.78304       4.06884
       2.64718       4.07411
       2.51133       4.16640
       2.37547       4.43349
       2.23962       4.87411
       2.10376       5.43486
       1.96791       5.98703
       1.83205       6.44129
       1.69619       6.31353
       1.56034       4.98643
       1.56034       4.98643
       1.51505       4.45988
       1.46977       3.93910
       1.42448       3.43941
       1.37920       2.97457
       1.33391       2.55977
       1.28863       2.21428
       1.24334       1.96377
       1.19806       1.82964
       1.15277       1.79267
       1.15277       1.79267
       1.02469       1.97787
       0.89660       2.38642
       0.76851       2.93941
       0.64043       3.56622
       0.51234       4.06344
       0.38426       4.01777
       0.25617       3.60306
       0.12809       3.90172
       0.00000       4.06884
# Band    7
       0.00000       4.06884
       0.12809       4.29177
       0.25617       4.87993
       0.38426       5.69215
       0.51234       6.62893
       0.64043       7.63573
       0.76851       8.68312
       0.89660       9.74618
       1.02469      10.75672
       1.15277      11.32357
       1.15277      11.32357
       1.19806      11.19897
       1.24334      10.93391
       1.28863      10.62097
       1.33391      10.29060
       1.37920       9.95538
       1.42448       9.62242
       1.46977       9.29659
       1.51505       8.98213
       1.56034       8.68336
       1.56034       8.68336
       1.69619       7.75618
       1.83205       6.90376
       1.96791       6.16508
       2.10376       5.53918
       2.23962       5.02185
       2.37547       4.61190
       2.51133       4.31280
       2.64718       4.13025
       2.78304       4.06884
       2.78304       4.06884
       2.89396       4.15154
       3.00489       4.37033
       3.11582       4.64734
       3.22674       4.88165
       3.33767       4.99829
       3.44859       4.99950
       3.55952       4.94366
       3.67044       4.88807
       3.78137       4.86603
       3.78137       4.86603
       3.87194       4.96701
       3.96251       5.28257
       4.05308       5.82528
       4.14365       6.52110
       4.23422       6.95268
       4.32479       6.69532
       4.41536       6.28093
       4.50593       6.06743
       4.59650       6.30219
       4.59650       6.30219
       4.66054       6.63896
       4.72459       7.25492
       4.78863       7.93787
       4.85267       8.63244
       4.91672       9.32114
       4.98076       9.98394
       5.04480      10.59155
       5.10884      11.08850
       5.17289      11.32357
# Band    8
       5.17289      11.32357
       5.10884      11.16403
       5.04480      10.72163
       4.98076      10.10074
       4.91672       9.39757
       4.85267       8.66704
       4.78863       7.94213
       4.72459       7.25825
       4.66054       6.67166
       4.59650       6.39908
       4.59650       6.39908
       4.50593       6.87768
       4.41536       7.48398
       4.32479       8.10778
       4.23422       8.24648
       4.14365       8.31379
       4.05308       8.66566
       3.96251       8.78902
       3.87194       8.62790
       3.78137       8.51855
       3.78137       8.51855
       3.67044       8.51191
       3.55952       8.41137
       3.44859       7.96920
       3.33767       7.15493
       3.22674       6.20560
       3.11582       5.26845
       3.00489       4.49940
       2.89396       4.15154
       2.78304       4.06884
       2.78304       4.06884
       2.64718       4.33918
       2.51133       5.11183
       2.37547       5.87513
       2.23962       6.10594
       2.10376       6.13832
       1.96791       6.50162
       1.83205       7.21015
       1.69619       7.92026
       1.56034       8.71400
       1.56034       8.71400
       1.51505       9.05278
       1.46977       9.39869
       1.42448       9.74891
       1.37920      10.09905
       1.33391      10.44198
       1.28863      10.76516
       1.24334      11.04632
       1.19806      11.24814
       1.15277      11.32357
       1.15277      11.32357
       1.02469      10.75672
       0.89660       9.74618
       0.76851       8.68312
       0.64043       7.63573
       0.51234       6.62893
       0.38426       5.69215
       0.25617       4.87993
       0.12809       4.29177
       0.00000       4.06884
# Band    9
       0.00000       9.13667
       0.12809       9.41149
       0.25617       8.51878
       0.38426       7.77331
       0.51234       7.79151
       0.64043       8.53682
       0.76851       9.56331
       0.89660      10.60542
       1.02469      11.45916
       1.15277      11.81893
       1.15277      11.81893
       1.19806      11.85327
       1.24334      11.83761
       1.28863      11.69090
       1.33391      11.43913
       1.37920      11.12729
       1.42448      10.78645
       1.46977      10.43573
       1.51505      10.08852
       1.56034       9.75743
       1.56034       9.75743
       1.69619       9.11311
       1.83205       9.09818
       1.96791       8.51121
       2.10376       8.16724
       2.23962       8.11643
       2.37547       8.38032
       2.51133       8.92964
       2.64718       9.46380
       2.78304       9.13667
       2.78304       9.13667
       2.89396       9.35886
       3.00489       9.48973
       3.11582       9.19491
       3.22674       9.13866
       3.33767       9.39963
       3.44859       9.96610
       3.55952      10.35705
       3.67044      11.02519
       3.78137      11.40412
       3.78137      11.40412
       3.87194      11.11087
       3.96251      10.69625
       4.05308      10.28965
       4.14365       9.66911
       4.23422       9.02937
       4.32479       9.27657
       4.41536      10.32478
       4.50593      11.41532
       4.59650      12.18393
       4.59650      12.18393
       4.66054      12.17822
       4.72459      12.16184
       4.78863      12.13662
       4.85267      12.10492
       4.91672      12.06840
       4.98076      12.02629
       5.04480      11.97202
       5.10884      11.89092
       5.17289      11.81893
# Band   10
       5.17289      13.00860
       5.10884      12.83411
       5.04480      12.65997
       4.98076      12.57283
       4.91672      12.53395
       4.85267      12.51774
       4.78863      12.51204
       4.72459      12.51095
       4.66054      12.51132
       4.59650      12.51169
       4.59650      12.51169
       4.50593      12.88941
       4.41536      13.05405
       4.32479      12.97011
       4.23422      12.63115
       4.14365      12.04973
       4.05308      11.57140
       3.96251      11.67610
       3.87194      12.06661
       3.78137      12.22343
       3.78137      12.22343
       3.67044      11.65434
       3.55952      10.75846
       3.44859       9.96610
       3.33767       9.39963
       3.22674       9.13866
       3.11582       9.19491
       3.00489       9.48973
       2.89396       9.86904
       2.78304      10.06613
       2.78304      10.06613
       2.64718       9.63922
       2.51133       9.65902
       2.37547       9.74178
       2.23962      10.64622
       2.10376      12.03510
       1.96791      11.60106
       1.83205       9.95356
       1.69619       9.86718
       1.56034      10.75219
       1.56034      10.75219
       1.51505      11.05935
       1.46977      11.36631
       1.42448      11.66817
       1.37920      11.95912
       1.33391      12.23254
       1.28863      12.48206
       1.24334      12.70391
       1.19806      12.89697
       1.15277      13.00860
       1.15277      13.00860
       1.02469      12.81615
       0.89660      12.36408
       0.76851      11.83505
       0.64043      11.32790
       0.51234      10.88705
       0.38426      10.53266
       0.25617      10.22688
       0.12809       9.54264
       0.00000      10.06613
# Band   11
       0.00000      10.06613
       0.12809      10.11848
       0.25617      10.27475
       0.38426      11.32164
       0.51234      12.58455
       0.64043      13.88435
       0.76851      15.03836
       0.89660      15.09760
       1.02469      13.98057
       1.15277      13.36761
       1.15277      13.36761
       1.19806      13.38626
       1.24334      13.47201
       1.28863      13.65375
       1.33391      13.91077
       1.37920      14.20891
       1.42448      14.52507
       1.46977      14.84428
       1.51505      15.15403
       1.56034      15.43653
       1.56034      15.43653
       1.69619      15.59163
       1.83205      14.83305
       1.96791      13.91576
       2.10376      12.73001
       2.23962      12.14251
       2.37547      11.28513
       2.51133      10.30300
       2.64718       9.93580
       2.78304      10.06613
       2.78304      10.06613
       2.89396       9.86904
       3.00489       9.92556
       3.11582      10.42289
       3.22674      10.33939
       3.33767      10.07906
       3.44859      10.00001
       3.55952      10.75846
       3.67044      11.65434
       3.78137      12.22343
       3.78137      12.22343
       3.87194      12.41581
       3.96251      12.63369
       4.05308      12.80418
       4.14365      12.98698
       4.23422      13.18640
       4.32479      13.36279
       4.41536      13.57005
       4.50593      13.87646
       4.59650      14.30271
       4.59650      14.30271
       4.66054      14.29721
       4.72459      14.27843
       4.78863      14.23911
       4.85267      14.16828
       4.91672      14.05287
       4.98076      13.88362
       5.04480      13.66893
       5.10884      13.46095
       5.17289      13.36761
# Band   12
       5.17289      13.36761
       5.10884      13.56118
       5.04480      13.79418
       4.98076      13.96508
       4.91672      14.09793
       4.85267      14.21217
       4.78863      14.31301
       4.72459      14.39625
       4.66054      14.45241
       4.59650      14.47257
       4.59650      14.47257
       4.50593      15.18163
       4.41536      15.58546
       4.32479      14.79647
       4.23422      14.02353
       4.14365      13.63022
       4.05308      13.47833
       3.96251      13.44836
       3.87194      13.61465
       3.78137      13.96785
       3.78137      13.96785
       3.67044      14.64340
       3.55952      15.57847
       3.44859      15.42791
       3.33767      14.22575
       3.22674      12.95148
       3.11582      12.10916
       3.00489      12.14617
       2.89396      12.54702
       2.78304      12.76342
       2.78304      12.76342
       2.64718      12.64807
       2.51133      12.57144
       2.37547      12.72386
       2.23962      13.07359
       2.10376      13.52987
       1.96791      14.09679
       1.83205      15.23735
       1.69619      16.32761
       1.56034      16.64311
       1.56034      16.64311
       1.51505      16.23033
       1.46977      15.81242
       1.42448      15.39306
       1.37920      14.97660
       1.33391      14.56944
       1.28863      14.18007
       1.24334      13.82246
       1.19806      13.52187
       1.15277      13.36761
       1.15277      13.36761
       1.02469      13.98057
       0.89660      15.09760
       0.76851      15.98231
       0.64043      15.43786
       0.51234      14.52733
       0.38426      13.76513
       0.25617      13.21011
       0.12809      12.87521
       0.00000      12.76342
# Band   13
       0.00000      12.76342
       0.12809      12.87521
       0.25617      13.21011
       0.38426      13.76513
       0.51234      14.52733
       0.64043      15.43786
       0.76851      15.98231
       0.89660      15.76632
       1.02469      15.81975
       1.15277      15.68348
       1.15277      15.68348
       1.19806      15.76135
       1.24334      15.97423
       1.28863      16.27847
       1.33391      16.63197
       1.37920      16.99733
       1.42448      17.32985
       1.46977      17.54089
       1.51505      17.30313
       1.56034      17.01285
       1.56034      17.01285
       1.69619      16.76237
       1.83205      16.34849
       1.96791      15.24162
       2.10376      15.45132
       2.23962      15.47044
       2.37547      14.14605
       2.51133      13.31543
       2.64718      12.89210
       2.78304      12.76342
       2.78304      12.76342
       2.89396      13.09860
       3.00489      13.90426
       3.11582      14.94923
       3.22674      16.12403
       3.33767      17.27611
       3.44859      17.12751
       3.55952      15.85838
       3.67044      14.64340
       3.78137      13.96785
       3.78137      13.96785
       3.87194      14.15897
       3.96251      14.70092
       4.05308      15.45972
       4.14365      16.30937
       4.23422      17.17784
       4.32479      17.52330
       4.41536      16.77772
       4.50593      17.00714
       4.59650      17.29415
       4.59650      17.29415
       4.66054      17.33928
       4.72459      17.46996
       4.78863      17.67062
       4.85267      17.89667
       4.91672      17.55085
       4.98076      16.87430
       5.04480      16.26922
       5.10884      15.83989
       5.17289      15.68348
# Band   14
       5.17289      17.07318
       5.10884      17.13858
       5.04480      17.33273
       4.98076      17.64514
       4.91672      18.04746
       4.85267      18.35425
       4.78863      18.82770
       4.72459      18.97235
       4.66054      18.99197
       4.59650      18.99059
       4.59650      18.99059
       4.50593      18.77756
       4.41536      18.59586
       4.32479      18.01115
       4.23422      17.89615
       4.14365      17.50168
       4.05308      16.74481
       3.96251      15.87613
       3.87194      15.01175
       3.78137      14.40634
       3.78137      14.40634
       3.67044      14.83450
       3.55952      15.85838
       3.44859      17.12760
       3.33767      17.27699
       3.22674      16.12403
       3.11582      14.94923
       3.00489      13.90426
       2.89396      13.09860
       2.78304      12.76342
       2.78304      12.76342
       2.64718      13.40709
       2.51133      14.77270
       2.37547      16.42369
       2.23962      17.33430
       2.10376      17.22373
       1.96791      18.77564
       1.83205      18.05934
       1.69619      17.82251
       1.56034      17.34963
       1.56034      17.34963
       1.51505      17.56496
       1.46977      17.63965
       1.42448      17.93967
       1.37920      17.72266
       1.33391      17.51998
       1.28863      17.34104
       1.24334      17.19846
       1.19806      17.10556
       1.15277      17.07318
       1.15277      17.07318
       1.02469      17.37721
       0.89660      17.82074
       0.76851      16.72743
       0.64043      15.66568
       0.51234      14.81843
       0.38426      14.15592
       0.25617      13.60508
       0.12809      13.08377
       0.00000      12.76342
# Band   15
       0.00000      16.05212
       0.12809      16.55509
       0.25617      17.90162
       0.38426      19.74285
       0.51234      19.83754
       0.64043      18.38899
       0.76851      17.59842
       0.89660      18.16361
       1.02469      18.72083
       1.15277      19.23588
       1.15277      19.23588
       1.19806      19.18673
       1.24334      19.04634
       1.28863      18.83228
       1.33391      18.56576
       1.37920      18.26608
       1.42448      17.94932
       1.46977      18.16437
       1.51505      18.39336
       1.56034      18.62533
       1.56034      18.62533
       1.69619      18.28260
       1.83205      18.87411
       1.96791      19.39407
       2.10376      19.72089
       2.23962      18.19843
       2.37547      19.42212
       2.51133      17.84772
       2.64718      16.58430
       2.78304      16.05212
       2.78304      16.05212
       2.89396      16.41150
       3.00489      17.28744
       3.11582      18.42218
       3.22674      19.56367
       3.33767      19.16831
       3.44859      18.27671
       3.55952      18.53315
       3.67044      19.89244
       3.78137      20.93709
       3.78137      20.93709
       3.87194      20.87597
       3.96251      20.67043
       4.05308      20.30643
       4.14365      19.84425
       4.23422      19.39233
       4.32479      19.10052
       4.41536      19.11034
       4.50593      19.57101
       4.59650      19.90379
       4.59650      19.90379
       4.66054      19.87157
       4.72459      19.56139
       4.78863      18.99471
       4.85267      18.48164
       4.91672      18.29115
       4.98076      18.59645
       5.04480      18.90186
       5.10884      19.14120
       5.17289      19.23588
# Band   16
       5.17289      21.54931
       5.10884      21.27621
       5.04480      20.81759
       4.98076      20.42814
       4.91672      20.13032
       4.85267      19.96017
       4.78863      20.01982
       4.72459      20.11790
       4.66054      20.14926
       4.59650      20.24740
       4.59650      20.24740
       4.50593      20.02961
       4.41536      19.96630
       4.32479      20.04323
       4.23422      20.33065
       4.14365      20.91101
       4.05308      21.53814
       3.96251      22.10448
       3.87194      22.57730
       3.78137      22.93578
       3.78137      22.93577
       3.67044      22.00314
       3.55952      20.56233
       3.44859      19.22495
       3.33767      19.20072
       3.22674      20.57203
       3.11582      22.15183
       3.00489      23.60989
       2.89396      24.85346
       2.78304      25.51069
       2.78304      25.51068
       2.64718      24.35623
       2.51133      22.09326
       2.37547      19.66753
       2.23962      20.56512
       2.10376      19.92603
       1.96791      19.72014
       1.83205      20.12537
       1.69619      19.34381
       1.56034      18.79446
       1.56034      18.79446
       1.51505      18.78609
       1.46977      18.89395
       1.42448      19.17363
       1.37920      19.55063
       1.33391      19.97443
       1.28863      20.42344
       1.24334      20.88470
       1.19806      21.32964
       1.15277      21.54928
       1.15277      21.54931
       1.02469      20.04642
       0.89660      18.53404
       0.76851      17.59842
       0.64043      18.38899
       0.51234      19.83754
       0.38426      21.42228
       0.25617      23.05605
       0.12809      24.61695
       0.00000      25.51068
