# Kpath    Energy-Level (in eV)
       0.00000     -14.54063      -0.82009      -0.82009      -0.82009       2.07415       4.06884       4.06884       4.06884       9.13667      10.06613      10.06613      12.76342      12.76342      12.76342      16.05212      25.51068
       0.12809     -14.48597      -1.24459      -0.97903      -0.97902       2.47379       3.90172       4.29177       4.29177       9.41149       9.54264      10.11848      12.87521      12.87521      13.08377      16.55509      24.61695
       0.25617     -14.32291      -2.13627      -1.37615      -1.37615       3.14620       3.60306       4.87993       4.87993       8.51878      10.22688      10.27475      13.21011      13.21011      13.60508      17.90162      23.05605
       0.38426     -14.05442      -3.15793      -1.87258      -1.87258       2.88500       4.01777       5.69215       5.69215       7.77331      10.53266      11.32164      13.76513      13.76513      14.15592      19.74285      21.42228
       0.51234     -13.68641      -4.20790      -2.37100      -2.37100       2.41714       4.06344       6.62893       6.62893       7.79151      10.88705      12.58455      14.52733      14.52733      14.81843      19.83754      19.83754
       0.64043     -13.22973      -5.24586      -2.81765      -2.81765       2.01605       3.56622       7.63573       7.63573       8.53682      11.32790      13.88435      15.43786      15.43786      15.66568      18.38899      18.38899
       0.76851     -12.70500      -6.23748      -3.18362      -3.18362       1.72094       2.93941       8.68312       8.68312       9.56331      11.83505      15.03836      15.98231      15.98231      16.72743      17.59842      17.59842
       0.89660     -12.15541      -7.12954      -3.45312      -3.45312       1.54952       2.38642       9.74618       9.74618      10.60542      12.36408      15.09760      15.09760      15.76632      17.82074      18.16361      18.53404
       1.02469     -11.67941      -7.81500      -3.61760      -3.61760       1.50657       1.97787      10.75672      10.75672      11.45916      12.81615      13.98057      13.98057      15.81975      17.37721      18.72083      20.04642
       1.15277     -11.47259      -8.09234      -3.67284      -3.67284       1.53910       1.79267      11.32357      11.32357      11.81893      13.00860      13.36761      13.36761      15.68348      17.07318      19.23588      21.54931
       1.15277     -11.47259      -8.09234      -3.67284      -3.67284       1.53910       1.79267      11.32357      11.32357      11.81893      13.00860      13.36761      13.36761      15.68348      17.07318      19.23588      21.54928
       1.19806     -11.47149      -8.08882      -3.71006      -3.66687       1.56917       1.82964      11.19897      11.24814      11.85327      12.89697      13.38626      13.52187      15.76135      17.10556      19.18673      21.32964
       1.24334     -11.46843      -8.07836      -3.81557      -3.64899       1.63023       1.96377      10.93391      11.04632      11.83761      12.70391      13.47201      13.82246      15.97423      17.19846      19.04634      20.88470
       1.28863     -11.46420      -8.06123      -3.97367      -3.61930       1.68786       2.21428      10.62097      10.76516      11.69090      12.48206      13.65375      14.18007      16.27847      17.34104      18.83228      20.42344
       1.33391     -11.46011      -8.03787      -4.16461      -3.57796       1.74445       2.55977      10.29060      10.44198      11.43913      12.23254      13.91077      14.56944      16.63197      17.51998      18.56576      19.97443
       1.37920     -11.45802      -8.00878      -4.36914      -3.52521       1.80728       2.97457       9.95538      10.09905      11.12729      11.95912      14.20891      14.97660      16.99733      17.72266      18.26608      19.55063
       1.42448     -11.46031      -7.97439      -4.57059      -3.46137       1.87940       3.43941       9.62242       9.74891      10.78645      11.66817      14.52507      15.39306      17.32985      17.93967      17.94932      19.17363
       1.46977     -11.46983      -7.93488      -4.75539      -3.38682       1.96178       3.93910       9.29659       9.39869      10.43573      11.36631      14.84428      15.81242      17.54089      17.63965      18.16437      18.89395
       1.51505     -11.48976      -7.88989      -4.91293      -3.30207       2.05453       4.45988       8.98213       9.05278      10.08852      11.05935      15.15403      16.23033      17.30313      17.56496      18.39336      18.78609
       1.56034     -11.52334      -7.83824      -5.03545      -3.20768       2.15732       4.98643       8.68336       8.71400       9.75743      10.75219      15.43653      16.64311      17.01285      17.34963      18.62533      18.79446
       1.56034     -11.52334      -7.83824      -5.03545      -3.20768       2.15732       4.98643       8.68336       8.71400       9.75743      10.75219      15.43653      16.64311      17.01285      17.34963      18.62533      18.79446
       1.69619     -11.73168      -7.61801      -5.15708      -2.87407       2.51786       6.31353       7.75618       7.92026       9.11311       9.86718      15.59163      16.32761      16.76237      17.82251      18.28260      19.34381
       1.83205     -12.11092      -7.23285      -4.92827      -2.48487       2.92479       6.44129       6.90376       7.21015       9.09818       9.95356      14.83305      15.23735      16.34849      18.05934      18.87411      20.12537
       1.96791     -12.60277      -6.63486      -4.43892      -2.07334       3.29784       5.98703       6.16508       6.50162       8.51121      11.60106      13.91576      14.09679      15.24162      18.77564      19.39407      19.72014
       2.10376     -13.12111      -5.83291      -3.77670      -1.67963       3.50263       5.43486       5.53918       6.13832       8.16724      12.03510      12.73001      13.52987      15.45132      17.22373      19.72089      19.92603
       2.23962     -13.60012      -4.85719      -3.01314      -1.34361       3.46270       4.87411       5.02185       6.10594       8.11643      10.64622      12.14251      13.07359      15.47044      17.33430      18.19843      20.56512
       2.37547     -13.99961      -3.74409      -2.22435      -1.09241       3.26127       4.43349       4.61190       5.87513       8.38032       9.74178      11.28513      12.72386      14.14605      16.42369      19.42212      19.66753
       2.51133     -14.29680      -2.54917      -1.51178      -0.93103       2.95452       4.16640       4.31280       5.11183       8.92964       9.65902      10.30300      12.57144      13.31543      14.77270      17.84772      22.09326
       2.64718     -14.47921      -1.41086      -1.00463      -0.84598       2.46377       4.07411       4.13025       4.33918       9.46380       9.63922       9.93580      12.64807      12.89210      13.40709      16.58430      24.35623
       2.78304     -14.54063      -0.82009      -0.82009      -0.82009       2.07415       4.06884       4.06884       4.06884       9.13667      10.06613      10.06613      12.76342      12.76342      12.76342      16.05212      25.51068
       2.78304     -14.54063      -0.82009      -0.82009      -0.82009       2.07415       4.06884       4.06884       4.06884       9.13667      10.06613      10.06613      12.76342      12.76342      12.76342      16.05212      25.51069
       2.89396     -14.49966      -1.26854      -0.87171      -0.87171       2.34740       4.13039       4.15154       4.15154       9.35886       9.86904       9.86904      12.54702      13.09860      13.09860      16.41150      24.85346
       3.00489     -14.37766      -2.22661      -1.01068      -1.01068       2.64460       4.37033       4.37033       4.49940       9.48973       9.48973       9.92556      12.14617      13.90426      13.90426      17.28744      23.60989
       3.11582     -14.17775      -3.32639      -1.20102      -1.20102       2.60473       4.64734       4.64734       5.26845       9.19491       9.19491      10.42289      12.10916      14.94923      14.94923      18.42218      22.15183
       3.22674     -13.90620      -4.43457      -1.40624      -1.40624       2.41167       4.88165       4.88165       6.20560       9.13866       9.13866      10.33939      12.95148      16.12403      16.12403      19.56367      20.57203
       3.33767     -13.57470      -5.48792      -1.59891      -1.59891       2.19800       4.99829       4.99829       7.15493       9.39963       9.39963      10.07906      14.22575      17.27611      17.27699      19.16831      19.20072
       3.44859     -13.20504      -6.43799      -1.76123      -1.76123       2.01185       4.99950       4.99950       7.96920       9.96610       9.96610      10.00001      15.42791      17.12751      17.12760      18.27671      19.22495
       3.55952     -12.83830      -7.22822      -1.88265      -1.88265       1.87181       4.94366       4.94366       8.41137      10.35705      10.75846      10.75846      15.57847      15.85838      15.85838      18.53315      20.56233
       3.67044     -12.54767      -7.77621      -1.95733      -1.95733       1.78564       4.88807       4.88807       8.51191      11.02519      11.65434      11.65434      14.64340      14.64340      14.83450      19.89244      22.00314
       3.78137     -12.43261      -7.97762      -1.98250      -1.98250       1.75661       4.86603       4.86603       8.51855      11.40412      12.22343      12.22343      13.96785      13.96785      14.40634      20.93709      22.93577
       3.78137     -12.43261      -7.97762      -1.98250      -1.98250       1.75661       4.86603       4.86603       8.51855      11.40412      12.22343      12.22343      13.96785      13.96785      14.40634      20.93709      22.93578
       3.87194     -12.40942      -7.96031      -2.19997      -2.02733       1.96447       4.78528       4.96701       8.62790      11.11087      12.06661      12.41581      13.61465      14.15897      15.01175      20.87597      22.57730
       3.96251     -12.34094      -7.91093      -2.72026      -2.16150       2.44129       4.60380       5.28257       8.78902      10.69625      11.67610      12.63369      13.44836      14.70092      15.87613      20.67043      22.10448
       4.05308     -12.23040      -7.83775      -3.34329      -2.38213       2.96300       4.43294       5.82528       8.66566      10.28965      11.57140      12.80418      13.47833      15.45972      16.74481      20.30643      21.53814
       4.14365     -12.08391      -7.75686      -3.94267      -2.67995       3.41536       4.35830       6.52110       8.31379       9.66911      12.04973      12.98698      13.63022      16.30937      17.50168      19.84425      20.91101
       4.23422     -11.91171      -7.69409      -4.43633      -3.03735       3.77093       4.43767       6.95268       8.24648       9.02937      12.63115      13.18640      14.02353      17.17784      17.89615      19.39233      20.33065
       4.32479     -11.72999      -7.67961      -4.75988      -3.42977       4.04564       4.68457       6.69532       8.10778       9.27657      12.97011      13.36279      14.79647      17.52330      18.01115      19.10052      20.04323
       4.41536     -11.56272      -7.72365      -4.87705      -3.82832       4.30401       5.02028       6.28093       7.48398      10.32478      13.05405      13.57005      15.58546      16.77772      18.59586      19.11034      19.96630
       4.50593     -11.44129      -7.79087      -4.80585      -4.19758       4.57698       5.25281       6.06743       6.87768      11.41532      12.88941      13.87646      15.18163      17.00714      18.77756      19.57101      20.02961
       4.59650     -11.39632      -7.82261      -4.67263      -4.42667       4.74966       5.21515       6.30219       6.39908      12.18393      12.51169      14.30271      14.47257      17.29415      18.99059      19.90379      20.24740
       4.59650     -11.39632      -7.82261      -4.67263      -4.42667       4.74966       5.21515       6.30219       6.39908      12.18393      12.51169      14.30271      14.47257      17.29415      18.99059      19.90379      20.24740
       4.66054     -11.39870      -7.83217      -4.64512      -4.40749       4.50683       4.90108       6.63896       6.67166      12.17822      12.51132      14.29721      14.45241      17.33928      18.99197      19.87157      20.14926
       4.72459     -11.40549      -7.85907      -4.56550      -4.35135       4.01306       4.35030       7.25492       7.25825      12.16184      12.51095      14.27843      14.39625      17.46996      18.97235      19.56139      20.11790
       4.78863     -11.41584      -7.89862      -4.44197      -4.26252       3.47518       3.78556       7.93787       7.94213      12.13662      12.51204      14.23911      14.31301      17.67062      18.82770      18.99471      20.01982
       4.85267     -11.42841      -7.94467      -4.28696      -4.14836       2.95904       3.25340       8.63244       8.66704      12.10492      12.51774      14.16828      14.21217      17.89667      18.35425      18.48164      19.96017
       4.91672     -11.44165      -7.99104      -4.11625      -4.01955       2.49343       2.77549       9.32114       9.39757      12.06840      12.53395      14.05287      14.09793      17.55085      18.04746      18.29115      20.13032
       4.98076     -11.45395      -8.03245      -3.94861      -3.89031       2.09933       2.37067       9.98394      10.10074      12.02629      12.57283      13.88362      13.96508      16.87430      17.64514      18.59645      20.42814
       5.04480     -11.46390      -8.06482      -3.80522      -3.77792       1.79674       2.05899      10.59155      10.72163      11.97202      12.65997      13.66893      13.79418      16.26922      17.33273      18.90186      20.81759
       5.10884     -11.47036      -8.08533      -3.70761      -3.70055       1.60497       1.86085      11.08850      11.16403      11.89092      12.83411      13.46095      13.56118      15.83989      17.13858      19.14120      21.27621
       5.17289     -11.47259      -8.09234      -3.67284      -3.67284       1.53910       1.79267      11.32357      11.32357      11.81893      13.00860      13.36761      13.36761      15.68348      17.07318      19.23588      21.54931
