     #Energy  up_1&5_all  dw_1&5_all    up_3_all    dw_3_all
   -10.54087     0.00000     0.00000     0.00000     0.00000
   -10.42787         NaN     0.00000         NaN     0.00000
   -10.31487     0.00000     0.00000     0.00000     0.00000
   -10.20187     0.00000     0.00000     0.00000     0.00000
   -10.08887     0.00000     0.00000     0.00000     0.00000
    -9.97587     0.00000     0.00000     0.00000     0.00000
    -9.86387     0.00000     0.00000     0.00000     0.00000
    -9.75087     0.00000     0.00000     0.00000     0.00000
    -9.63787     0.00000     0.00000     0.00000     0.00000
    -9.52487     0.00000     0.00000     0.00000     0.00000
    -9.41187     0.00000     0.00000     0.00000     0.00000
    -9.29887     0.00000     0.00000     0.00000     0.00000
    -9.18587     0.00000     0.00000     0.00000     0.00000
    -9.07287     0.00000     0.00000     0.00000     0.00000
    -8.95987     0.00000     0.00000     0.00000     0.00000
    -8.84787     0.00000     0.00000     0.00000     0.00000
    -8.73487     0.00000     0.00000     0.00000     0.00000
    -8.62187     0.00000     0.00000     0.00000     0.00000
    -8.50887     0.00000    -0.00182     0.00000    -0.00403
    -8.39587     0.00581    -0.00823     0.01279    -0.01825
    -8.28287     0.01231    -0.01465     0.02708    -0.03249
    -8.16987     0.01780    -0.01687     0.03920    -0.03747
    -8.05687     0.01579    -0.01486     0.03481    -0.03305
    -7.94387     0.01378    -0.01285     0.03042    -0.02861
    -7.83187     0.01296    -0.01305     0.02863    -0.02911
    -7.71887     0.01382    -0.01388     0.03055    -0.03098
    -7.60587     0.01468    -0.01471     0.03247    -0.03285
    -7.49287     0.01554    -0.01555     0.03439    -0.03473
    -7.37987     0.01641    -0.01638     0.03630    -0.03660
    -7.26687     0.02560    -0.03078     0.03862    -0.03853
    -7.15387     0.04425    -0.04891     0.03989    -0.03954
    -7.04087     0.06288    -0.06366     0.04119    -0.04026
    -6.92887     0.06139    -0.05866     0.04221    -0.04102
    -6.81587     0.05632    -0.05342     0.04267    -0.04125
    -6.70287     0.05378    -0.05273     0.04348    -0.04212
    -6.58987     0.05682    -0.05554     0.04508    -0.04348
    -6.47687     0.05986    -0.05837     0.04671    -0.04484
    -6.36387     0.06289    -0.06120     0.04833    -0.04621
    -6.25087     0.06592    -0.06401     0.04997    -0.04761
    -6.13787     0.06670    -0.06380     0.05256    -0.04956
    -6.02487     0.06700    -0.06317     0.05570    -0.05175
    -5.91287     0.06885    -0.06399     0.06043    -0.05442
    -5.79987     0.07137    -0.06565     0.06521    -0.05692
    -5.68687     0.07374    -0.06729     0.06941    -0.05933
    -5.57387     0.09430    -0.08572     0.08531    -0.07193
    -5.46087     0.12653    -0.11540     0.10907    -0.09146
    -5.34787     0.14493    -0.13567     0.12409    -0.10543
    -5.23487     0.14320    -0.13094     0.12652    -0.10407
    -5.12187     0.15290    -0.12771     0.14528    -0.10416
    -5.00887     0.16861    -0.13896     0.16676    -0.11939
    -4.89687     0.17888    -0.14880     0.18521    -0.13171
    -4.78387     0.21537    -0.15606     0.28889    -0.14218
    -4.67087     0.27003    -0.16418     0.36751    -0.15360
    -4.55787     0.26274    -0.19651     0.32416    -0.23636
    -4.44487     0.30094    -0.20139     0.33888    -0.23653
    -4.33187     0.60039    -0.23358     0.58658    -0.26482
    -4.21887     0.49080    -0.27739     0.42054    -0.28024
    -4.10587     0.46113    -0.33889     0.44760    -0.30197
    -3.99287     0.43843    -0.64335     0.32610    -0.86882
    -3.88087     1.35150    -0.41318     1.12706    -0.39906
    -3.76787     0.93819    -0.37123     0.92452    -0.39649
    -3.65487     0.73839    -0.25502     0.88597    -0.18014
    -3.54187     1.51160    -0.30714     1.08768    -0.20552
    -3.42887     1.10687    -1.29854     0.60859    -0.83305
    -3.31587     1.15159    -0.75038     0.59082    -0.75878
    -3.20287     1.00164    -0.81335     0.42642    -0.92132
    -3.08987     1.48795    -0.74363     0.79353    -0.65155
    -2.97687     1.25285    -1.29597     0.83916    -0.78148
    -2.86487     2.07580    -0.59809     1.19749    -0.44404
    -2.75187     2.32423    -1.04381     1.71793    -0.61218
    -2.63887     2.41535    -0.99395     1.19368    -0.42555
    -2.52587     1.28509    -1.02250     1.15973    -0.45486
    -2.41287     1.71917    -1.44939     1.15756    -0.99152
    -2.29987     3.18542    -2.12148     2.25544    -1.27574
    -2.18687     3.35347    -1.81095     2.00114    -1.16456
    -2.07387     2.53806    -1.37430     0.82879    -1.06075
    -1.96087     3.44887    -1.25158     1.01199    -1.27480
    -1.84887     3.86837    -1.05224     0.85864    -0.89313
    -1.73587     3.46468    -1.44280     1.01885    -1.41557
    -1.62287     3.13841    -3.52294     1.19351    -2.11463
    -1.50987     2.91652    -3.94699     0.91345    -2.07759
    -1.39687     2.66849    -2.26511     1.06485    -0.87731
    -1.28387     3.91112    -2.56445     2.02786    -0.86913
    -1.17087     3.85478    -4.66166     1.54428    -0.95142
    -1.05787     4.42550    -3.40639     1.46750    -1.05307
    -0.94487     4.32206    -2.95086     1.10745    -1.07318
    -0.83287     4.34426    -2.96595     1.18898    -0.93969
    -0.71987     5.36986    -2.64783     2.07966    -1.21119
    -0.60687     3.23433    -3.54670     2.53805    -1.39059
    -0.49387     1.73343    -4.22396     0.71924    -1.56095
    -0.38087     0.95885    -4.22517     0.29180    -1.26736
    -0.26787     0.38568    -4.26868     0.20443    -1.30380
    -0.15487     0.36125    -3.21162     0.19178    -1.13963
    -0.04187     0.33350    -2.37812     0.17664    -1.13274
     0.07113     0.40230    -4.88342     0.20048    -1.62351
     0.18313     0.35712    -5.88906     0.18616    -4.11040
     0.29613     0.33999    -1.67802     0.19077    -0.69659
     0.40913     0.28335    -1.14392     0.17564    -0.38690
     0.52213     0.26882    -0.58143     0.16316    -0.23825
     0.63513     0.23818    -0.50509     0.13371    -0.21966
     0.74813     0.23256    -0.43419     0.12779    -0.20095
     0.86113     0.22641    -0.42849     0.12127    -0.23552
     0.97413     0.22111    -0.36730     0.11641    -0.21195
     1.08713     0.20248    -0.34145     0.10348    -0.19087
     1.19913     0.19666    -0.30051     0.09921    -0.15787
     1.31213     0.18549    -0.28350     0.09098    -0.14510
     1.42513     0.18939    -0.25989     0.09277    -0.12577
     1.53813     0.21555    -0.24381     0.09969    -0.11728
     1.65113     0.23798    -0.22572     0.10084    -0.10568
     1.76413     0.22854    -0.27541     0.09522    -0.11850
     1.87713     0.21721    -0.26491     0.08963    -0.11288
     1.99013     0.20380    -0.25638     0.08620    -0.10817
     2.10313     0.22615    -0.24707     0.13802    -0.10261
     2.21513     0.21817    -0.23102     0.14505    -0.09748
     2.32813     0.19725    -0.21486     0.10927    -0.09385
     2.44113     0.18701    -0.23465     0.10284    -0.15411
     2.55413     0.18920    -0.22426     0.11123    -0.15147
     2.66713     0.18992    -0.20316     0.11456    -0.11343
     2.78013     0.18671    -0.20479     0.11506    -0.11816
     2.89313     0.18325    -0.20674     0.11526    -0.12520
     3.00613     0.16712    -0.20302     0.10615    -0.12545
     3.11913     0.16570    -0.19918     0.10511    -0.12533
     3.23113     0.16485    -0.18467     0.10432    -0.11887
     3.34413     0.16483    -0.18321     0.10399    -0.11779
     3.45713     0.16393    -0.18275     0.10090    -0.11720
     3.57013     0.16127    -0.18236     0.09875    -0.11652
     3.68313     0.17220    -0.17963     0.10548    -0.11220
     3.79613     0.16287    -0.15736     0.09237    -0.09605
     3.90913     0.15274    -0.18308     0.07986    -0.11105
     4.02213     0.14617    -0.17053     0.07066    -0.09568
     4.13513     0.10488    -0.15948     0.05430    -0.08253
     4.24713     0.14329    -0.11036     0.06983    -0.05873
     4.36013     0.11089    -0.10967     0.05192    -0.05807
     4.47313     0.10498    -0.14622     0.04901    -0.07242
     4.58613     0.22216    -0.11251     0.05628    -0.05319
     4.69913     0.24767    -0.11144     0.06148    -0.05210
     4.81213     0.30202    -0.23084     0.07174    -0.05738
     4.92513     0.34560    -0.25749     0.08555    -0.06194
     5.03813     0.30201    -0.31699     0.09051    -0.07037
     5.15113     0.30527    -0.36416     0.09439    -0.08590
     5.26313     0.30905    -0.31524     0.09850    -0.08929
     5.37613     0.28067    -0.31888     0.09767    -0.09310
     5.48913     0.25951    -0.30606     0.08923    -0.09248
     5.60213     0.26285    -0.29323     0.08998    -0.09646
     5.71513     0.26583    -0.29220     0.08935    -0.09491
     5.82813     0.22599    -0.28358     0.08087    -0.09312
     5.94113     0.19251    -0.25129     0.07008    -0.08623
     6.05413     0.17336    -0.20993     0.06107    -0.07538
     6.16713     0.15589    -0.19062     0.05105    -0.06631
     6.27913     0.15895    -0.16596     0.05303    -0.05396
     6.39213     0.15633    -0.16815     0.05105    -0.05730
     6.50513     0.16814    -0.16581     0.05336    -0.05548
     6.61813     0.11525    -0.21971     0.03331    -0.07140
     6.73113     0.11385    -0.11837     0.03348    -0.03366
     6.84413     0.35681    -0.11686     0.16657    -0.03389
     6.95713     0.35581    -0.11531     0.21988    -0.03411
     7.07013     0.27517    -0.23867     0.12462    -0.14449
     7.18213     0.27794    -0.39045     0.16762    -0.24716
     7.29513     0.25438    -0.27692     0.16796    -0.12868
     7.40813     0.19923    -0.28292     0.11663    -0.19394
     7.52113     0.17563    -0.25224     0.10155    -0.18389
     7.63413     0.14500    -0.18416     0.07685    -0.11125
     7.74713     0.12547    -0.16381     0.06828    -0.09330
     7.86013     0.13013    -0.13554     0.06958    -0.07510
     7.97313     0.12931    -0.13867     0.06538    -0.07569
     8.08613     0.12710    -0.14246     0.06736    -0.07654
     8.19813     0.12425    -0.13354     0.06992    -0.07078
     8.31113     0.16404    -0.12903     0.10433    -0.07222
     8.42413     0.24034    -0.11595     0.15991    -0.07093
     8.53713     0.26774    -0.22370     0.16949    -0.14687
     8.65013     0.25460    -0.28820     0.16801    -0.18086
     8.76313     0.19703    -0.25921     0.15468    -0.16970
     8.87613     0.20302    -0.19678     0.15090    -0.14627
     8.98913     0.21095    -0.21177     0.14578    -0.15500
     9.10213     0.25482    -0.22057     0.16840    -0.15306
     9.21413     0.25618    -0.22958     0.15533    -0.15531
     9.32713     0.21011    -0.26106     0.12716    -0.16058
     9.44013     0.17838    -0.22141     0.08962    -0.13521
     9.55313     0.18554    -0.18624     0.07983    -0.11038
     9.66613     0.16874    -0.18778     0.06187    -0.08203
     9.77913     0.15266    -0.17074     0.05461    -0.06384
     9.89213     0.15520    -0.15316     0.05415    -0.05616
    10.00513     0.14022    -0.15605     0.05162    -0.05586
    10.11813     0.20613    -0.21230     0.09559    -0.09152
    10.23013     0.20638    -0.19124     0.09168    -0.09131
    10.34313     0.21097    -0.18703     0.11133    -0.08821
    10.45613     0.22584    -0.20447     0.12294    -0.10118
    10.56913     0.25119    -0.22681     0.14876    -0.12173
    10.68213     0.22228    -0.25206     0.13678    -0.14897
    10.79513     0.23538    -0.21947     0.14566    -0.13691
    10.90813     0.23646    -0.24193     0.11550    -0.14794
    11.02113     0.23573    -0.25398     0.12189    -0.12280
    11.13413     0.24780    -0.24834     0.12483    -0.12725
    11.24613     0.25000    -0.23173     0.11235    -0.11599
    11.35913     0.26992    -0.27507     0.11812    -0.12328
    11.47213     0.25563    -0.24543     0.10262    -0.10060
    11.58513     0.27903    -0.26623     0.11693    -0.10588
    11.69813     0.33228    -0.27865     0.13726    -0.11601
    11.81113     0.32569    -0.31064     0.15834    -0.13896
    11.92413     0.28512    -0.36489     0.15450    -0.17502
    12.03713     0.25796    -0.23065     0.15586    -0.13214
    12.15013     0.29467    -0.26550     0.18954    -0.15921
    12.26213     0.30562    -0.30734     0.17142    -0.20020
    12.37513     0.30959    -0.28836     0.17814    -0.17084
    12.48813     0.31925    -0.30520     0.18280    -0.17349
    12.60113     0.27919    -0.32917     0.15853    -0.18246
    12.71413     0.23041    -0.26758     0.14295    -0.14220
    12.82713     0.25696    -0.26487     0.12437    -0.17082
    12.94013     0.22048    -0.24924     0.12262    -0.11792
    13.05313     0.31290    -0.22518     0.22940    -0.12377
    13.16613     0.21458    -0.31555     0.11286    -0.19292
    13.27813     0.26099    -0.18331     0.14854    -0.10472
    13.39113     0.16731    -0.18308     0.09287    -0.10968
    13.50413     0.19588    -0.18547     0.10786    -0.11067
    13.61713     0.20619    -0.19777     0.11138    -0.11610
    13.73013     0.22271    -0.20679     0.12081    -0.11909
    13.84313     0.26648    -0.23503     0.14402    -0.13545
    13.95613     0.29381    -0.25883     0.15856    -0.14919
    14.06913     0.31726    -0.27687     0.20505    -0.15686
    14.18213     0.34778    -0.33163     0.20805    -0.23466
    14.29413     0.30910    -0.31095     0.16033    -0.17331
    14.40713     0.30336    -0.30773     0.14824    -0.15711
    14.52013     0.42228    -0.36059     0.20347    -0.18028
    14.63313     0.28826    -0.34375     0.12114    -0.14708
    14.74613     0.33400    -0.29468     0.12471    -0.12420
    14.85913     0.22731    -0.31932     0.10257    -0.11934
    14.97213     0.21248    -0.22175     0.09991    -0.10111
    15.08513     0.23650    -0.20782     0.12219    -0.09860
    15.19813     0.25407    -0.23860     0.13636    -0.12243
    15.31013     0.25171    -0.26724     0.13802    -0.14140
    15.42313     0.24370    -0.25045     0.13710    -0.13884
    15.53613     0.26572    -0.26915     0.15106    -0.14956
    15.64913     0.30825    -0.30764     0.18098    -0.17775
    15.76213     0.26379    -0.35410     0.16428    -0.21037
    15.87513     0.22757    -0.21199     0.14040    -0.13525
    15.98813     0.23361    -0.24240     0.13938    -0.14471
    16.10113     0.22456    -0.23393     0.13315    -0.13767
    16.21413     0.22951    -0.21981     0.13457    -0.12680
    16.32613     0.20593    -0.22711     0.12208    -0.13109
    16.43913     0.20224    -0.20610     0.11965    -0.12213
    16.55213     0.19826    -0.20056     0.11550    -0.12034
    16.66513     0.19541    -0.19896     0.11252    -0.11683
    16.77813     0.17639    -0.18698     0.10586    -0.11070
    16.89113     0.17529    -0.17193     0.10656    -0.10604
    17.00413     0.20774    -0.21861     0.11727    -0.12596
    17.11713     0.21723    -0.21210     0.11780    -0.11880
    17.23013     0.20442    -0.21432     0.10660    -0.11519
    17.34213     0.17906    -0.18940     0.09215    -0.09915
    17.45513     0.17238    -0.17119     0.09167    -0.09081
    17.56813     0.16979    -0.17391     0.09206    -0.09533
    17.68113     0.16315    -0.16617     0.08915    -0.09201
    17.79413     0.16095    -0.15625     0.08869    -0.08764
    17.90713     0.16824    -0.16364     0.09333    -0.09186
    18.02013     0.29891    -0.17857     0.24323    -0.10011
    18.13313     0.21863    -0.34804     0.11169    -0.17597
    18.24613     0.21714    -0.21955     0.10501    -0.10975
    18.35813     0.15267    -0.15969     0.06590    -0.06986
    18.47113     0.13342    -0.14070     0.05860    -0.06106
    18.58413     0.10902    -0.12216     0.05193    -0.05481
    18.69713     0.10221    -0.10438     0.05068    -0.05069
    18.81013     0.09625    -0.09851     0.04962    -0.04964
    18.92313     0.09043    -0.09278     0.04866    -0.04868
    19.03613     0.08556    -0.08716     0.04806    -0.04778
    19.14913     0.07622    -0.07899     0.04493    -0.04573
    19.26213     0.07010    -0.07180     0.04145    -0.04219
    19.37413     0.06699    -0.06765     0.03983    -0.04012
    19.48713     0.06404    -0.06458     0.03831    -0.03854
    19.60013     0.06111    -0.06150     0.03685    -0.03701
    19.71313     0.07862    -0.05842     0.05661    -0.03551
    19.82613     0.04522    -0.06434     0.02610    -0.04567
    19.93913     0.04288    -0.04278     0.02471    -0.02491
    20.05213     0.04054    -0.04031     0.02335    -0.02350
    20.16513     0.04529    -0.04363     0.02369    -0.02349
    20.27813     0.03406    -0.03501     0.02024    -0.02057
    20.39013     0.02594    -0.02937     0.01889    -0.01944
    20.50313     0.02555    -0.02530     0.01924    -0.01895
    20.61613     0.02531    -0.02550     0.01967    -0.01941
    20.72913     0.03529    -0.03186     0.02350    -0.02193
    20.84213     0.03784    -0.03872     0.02478    -0.02470
    20.95513     0.03617    -0.03640     0.02465    -0.02412
    21.06813     0.03514    -0.03968     0.02718    -0.04475
    21.18113     0.02989    -0.02999     0.01495    -0.01998
    21.29313     0.00000    -0.13821     0.00000    -0.04147
    21.40613     0.00000     0.00000     0.00000     0.00000
    21.51913     0.00000     0.00000     0.00000     0.00000
    21.63213     0.00000     0.00000     0.00000     0.00000
    21.74513     0.00000     0.00000     0.00000     0.00000
    21.85813     0.00000     0.00000     0.00000     0.00000
    21.97113     0.00000     0.00000     0.00000     0.00000
    22.08413     0.00000     0.00000     0.00000     0.00000
    22.19713     0.00000     0.00000     0.00000     0.00000
    22.30913     0.00000     0.00000     0.00000     0.00000
    22.42213     0.00000     0.00000     0.00000     0.00000
    22.53513     0.00000     0.00000     0.00000     0.00000
    22.64813     0.00000     0.00000     0.00000     0.00000
    22.76113     0.00000     0.00000     0.00000     0.00000
    22.87413     0.00000     0.00000     0.00000     0.00000
    22.98713     0.00000     0.00000     0.00000     0.00000
    23.10013     0.00000     0.00000     0.00000     0.00000
    23.21313     0.00000     0.00000     0.00000     0.00000
    23.32513     0.00000     0.00000     0.00000     0.00000
