# Kpath    Energy-Level (in eV)
  0.000   -19.419    -7.520    -2.957    -2.957     3.293     4.438     5.265     8.408
  0.042   -19.414    -7.515    -2.977    -2.967     3.300     4.444     5.271     8.414
  0.084   -19.400    -7.497    -3.037    -2.999     3.319     4.464     5.291     8.433
  0.126   -19.376    -7.469    -3.136    -3.050     3.352     4.496     5.324     8.465
  0.168   -19.342    -7.429    -3.272    -3.122     3.398     4.542     5.370     8.458
  0.210   -19.299    -7.377    -3.443    -3.209     3.457     4.601     5.429     8.480
  0.252   -19.246    -7.314    -3.645    -3.313     3.529     4.673     5.502     8.503
  0.294   -19.183    -7.240    -3.876    -3.429     3.614     4.758     5.587     8.517
  0.336   -19.111    -7.154    -4.133    -3.556     3.712     4.856     5.686     8.459
  0.378   -19.030    -7.057    -4.413    -3.693     3.823     4.967     5.798     8.449
  0.420   -18.938    -6.949    -4.712    -3.836     3.948     5.092     5.923     8.432
  0.462   -18.838    -6.830    -5.029    -3.984     4.085     5.228     6.061     8.407
  0.504   -18.728    -6.700    -5.360    -4.135     4.236     5.378     6.212     8.372
  0.546   -18.609    -6.560    -5.704    -4.289     4.399     5.541     6.376     8.334
  0.588   -18.480    -6.408    -6.057    -4.442     4.576     5.715     6.553     8.288
  0.630   -18.342    -6.419    -6.247    -4.594     4.765     5.902     6.743     8.238
  0.672   -18.194    -6.787    -6.075    -4.744     4.968     6.099     6.946     7.895
  0.714   -18.038    -7.159    -5.893    -4.891     5.183     6.304     7.160     7.526
  0.756   -17.872    -7.535    -5.701    -5.033     5.411     6.502     7.170     7.385
  0.798   -17.698    -7.913    -5.501    -5.171     5.652     6.559     6.961     7.615
  0.840   -17.514    -8.291    -5.302    -5.291     5.906     6.267     7.108     7.810
  0.882   -17.322    -8.670    -5.429    -5.073     5.887     6.172     7.353     7.846
  0.924   -17.121    -9.047    -5.548    -4.847     5.498     6.451     7.624     7.811
  0.966   -16.911    -9.422    -5.659    -4.614     5.105     6.740     7.767     7.911
  1.008   -16.693    -9.795    -5.763    -4.376     4.714     7.039     7.725     8.213
  1.050   -16.467   -10.164    -5.859    -4.133     4.329     7.337     7.699     8.527
  1.092   -16.233   -10.528    -5.946    -3.886     3.952     7.540     7.784     8.854
  1.134   -15.992   -10.887    -6.025    -3.640     3.585     7.551     8.076     9.194
  1.175   -15.744   -11.240    -6.095    -3.396     3.233     7.525     8.421     9.545
  1.217   -15.490   -11.586    -6.156    -3.158     2.901     7.498     8.784     9.908
  1.259   -15.231   -11.922    -6.208    -2.931     2.595     7.473     9.161    10.281
  1.301   -14.971   -12.246    -6.251    -2.724     2.319     7.451     9.551    10.665
  1.343   -14.714   -12.553    -6.284    -2.544     2.087     7.435     9.952    11.059
  1.385   -14.472   -12.830    -6.308    -2.402     1.908     7.423    10.364    11.460
  1.427   -14.277   -13.048    -6.322    -2.311     1.795     7.416    10.786    11.675
  1.469   -14.194   -13.138    -6.327    -2.280     1.755     7.414    11.152    11.299
  1.469   -14.194   -13.138    -6.327    -2.280     1.755     7.414    11.152    11.299
  1.512   -14.189   -13.134    -6.349    -2.274     1.754     7.444    11.158    11.305
  1.554   -14.177   -13.121    -6.416    -2.256     1.750     7.533    11.176    11.324
  1.597   -14.156   -13.101    -6.524    -2.226     1.742     7.681    11.205    11.355
  1.639   -14.126   -13.072    -6.672    -2.184     1.730     7.882    11.245    11.398
  1.681   -14.088   -13.035    -6.854    -2.130     1.714     8.134    11.297    11.453
  1.724   -14.042   -12.990    -7.068    -2.065     1.692     8.431    11.360    11.521
  1.766   -13.987   -12.938    -7.308    -1.987     1.663     8.768    11.434    11.600
  1.809   -13.924   -12.879    -7.569    -1.898     1.627     9.141    11.519    11.692
  1.851   -13.852   -12.813    -7.849    -1.797     1.582     9.542    11.614    11.819
  1.894   -13.772   -12.742    -8.141    -1.683     1.526     9.967    11.695    11.718
  1.936   -13.684   -12.666    -8.443    -1.559     1.457    10.410    11.555    11.831
  1.978   -13.587   -12.587    -8.749    -1.422     1.372    10.862    11.406    11.952
  2.021   -13.482   -12.507    -9.054    -1.275     1.274    11.257    11.314    12.080
  2.063   -13.368   -12.430    -9.354    -1.116     1.157    11.116    11.754    12.212
  2.106   -13.246   -12.360    -9.640    -0.944     1.023    10.989    12.156    12.348
  2.148   -13.116   -12.307    -9.904    -0.762     0.869    10.881    12.483    12.484
  2.190   -12.978   -12.282   -10.132    -0.569     0.697    10.796    12.616    12.712
  2.233   -12.831   -12.300   -10.307    -0.365     0.507    10.736    12.741    12.868
  2.275   -12.676   -12.376   -10.415    -0.150     0.300    10.700    12.852    12.958
  2.318   -12.513   -12.513   -10.450     0.076     0.076    10.689    12.946    12.946
  2.318   -12.513   -12.513   -10.450     0.076     0.076    10.689    12.946    12.946
  2.359   -12.700   -12.347   -10.421    -0.156     0.306    10.698    12.790    13.014
  2.400   -12.925   -12.172   -10.342    -0.401     0.547    10.725    12.509    13.059
  2.442   -13.175   -11.990   -10.227    -0.656     0.797    10.763    12.154    13.077
  2.483   -13.439   -11.800   -10.084    -0.919     1.058    10.802    11.764    13.071
  2.525   -13.712   -11.603    -9.921    -1.190     1.327    10.829    11.359    13.187
  2.566   -13.988   -11.399    -9.742    -1.465     1.606    10.823    10.949    12.928
  2.607   -14.265   -11.187    -9.550    -1.744     1.893    10.541    10.763    12.561
  2.649   -14.540   -10.967    -9.347    -2.025     2.189    10.138    10.631    12.166
  2.690   -14.811   -10.741    -9.135    -2.306     2.493     9.742    10.429    11.770
  2.732   -15.078   -10.508    -8.914    -2.586     2.805     9.355    10.173    11.379
  2.773   -15.340   -10.268    -8.687    -2.864     3.125     8.978     9.884    10.998
  2.814   -15.596   -10.021    -8.453    -3.138     3.453     8.611     9.578    10.627
  2.856   -15.845    -9.768    -8.214    -3.409     3.786     8.255     9.265    10.267
  2.897   -16.088    -9.508    -7.971    -3.675     4.125     7.911     8.952     9.919
  2.938   -16.323    -9.242    -7.723    -3.935     4.471     7.578     8.642     9.583
  2.980   -16.550    -8.971    -7.473    -4.189     4.821     7.258     8.339     9.258
  3.021   -16.770    -8.694    -7.220    -4.436     5.176     6.949     8.043     8.946
  3.063   -16.982    -8.412    -6.965    -4.676     5.536     6.652     7.757     8.647
  3.104   -17.186    -8.125    -6.709    -4.907     5.896     6.367     7.481     8.360
  3.145   -17.381    -7.833    -6.453    -5.131     6.095     6.259     7.215     8.085
  3.187   -17.568    -7.538    -6.199    -5.346     5.835     6.621     6.961     7.823
  3.228   -17.746    -7.240    -5.946    -5.552     5.588     6.718     6.982     7.574
  3.270   -17.916    -6.940    -5.749    -5.696     5.353     6.486     7.337     7.342
  3.311   -18.077    -6.638    -5.937    -5.449     5.131     6.267     7.114     7.699
  3.352   -18.229    -6.335    -6.114    -5.207     4.921     6.059     6.902     8.051
  3.394   -18.372    -6.282    -6.032    -4.972     4.724     5.864     6.704     8.399
  3.435   -18.506    -6.439    -5.731    -4.743     4.540     5.681     6.519     8.741
  3.476   -18.631    -6.587    -5.433    -4.523     4.368     5.510     6.346     8.992
  3.518   -18.747    -6.724    -5.140    -4.312     4.209     5.352     6.186     8.892
  3.559   -18.854    -6.850    -4.854    -4.113     4.063     5.206     6.039     8.802
  3.601   -18.952    -6.966    -4.576    -3.925     3.929     5.073     5.904     8.725
  3.642   -19.041    -7.070    -4.309    -3.751     3.809     4.952     5.783     8.714
  3.683   -19.120    -7.165    -4.057    -3.591     3.700     4.845     5.674     8.663
  3.725   -19.190    -7.248    -3.824    -3.448     3.605     4.749     5.578     8.602
  3.766   -19.251    -7.320    -3.610    -3.321     3.522     4.666     5.495     8.551
  3.807   -19.302    -7.381    -3.421    -3.211     3.452     4.597     5.425     8.502
  3.849   -19.344    -7.431    -3.260    -3.120     3.395     4.539     5.367     8.468
  3.890   -19.377    -7.470    -3.130    -3.049     3.350     4.495     5.322     8.463
  3.932   -19.400    -7.498    -3.034    -2.998     3.319     4.463     5.290     8.432
  3.973   -19.414    -7.515    -2.976    -2.967     3.300     4.444     5.271     8.413
  4.014   -19.419    -7.520    -2.957    -2.957     3.293     4.438     5.265     8.408
