     #Energy         O_s         O_p         C_s         C_p      Ni_dxy      Ni_dz2
   -27.10266     0.00000     0.00000     0.00000     0.00000     0.00000     0.00000
   -26.92966     0.00000     0.00000     0.00000     0.00000     0.00000     0.00000
   -26.75566     0.00000     0.00000     0.00000     0.00000     0.00000     0.00000
   -26.58266     0.00000     0.00000     0.00000     0.00000     0.00000     0.00000
   -26.40966     0.00000     0.00000     0.00000     0.00000     0.00000     0.00000
   -26.23566     0.00000     0.00000     0.00000     0.00000     0.00000     0.00000
   -26.06266     0.00000     0.00000     0.00000     0.00000     0.00000     0.00000
   -25.88966     0.00000     0.00000     0.00000     0.00000     0.00000     0.00000
   -25.71566     0.00000     0.00000     0.00000     0.00000     0.00000     0.00000
   -25.54266     0.00000     0.00000     0.00000     0.00000     0.00000     0.00000
   -25.36966     0.00000     0.00000     0.00000     0.00000     0.00000     0.00000
   -25.19566     0.00000     0.00000     0.00000     0.00000     0.00000     0.00000
   -25.02266     0.00000     0.00000     0.00000     0.00000     0.00000     0.00000
   -24.84966     0.00000     0.00000     0.00000     0.00000     0.00000     0.00000
   -24.67566     0.27960     0.04175     0.07885     0.04890     0.00000     0.00008
   -24.50266     0.39400     0.05971     0.10980     0.06999     0.00000     0.00010
   -24.32966     0.47930     0.07324     0.13260     0.08590     0.00000     0.00012
   -24.15566     0.50820     0.07889     0.13820     0.09275     0.00000     0.00011
   -23.98266     0.57540     0.08986     0.15530     0.10577     0.00000     0.00012
   -23.80966     0.72540     0.11459     0.19260     0.13545     0.00000     0.00013
   -23.63566     0.89070     0.14159     0.23410     0.16784     0.00000     0.00015
   -23.46266     1.57500     0.25229     0.40770     0.30044     0.00000     0.00023
   -23.28966     1.70100     0.27393     0.43590     0.32731     0.00000     0.00022
   -23.11566     0.00000     0.00000     0.00000     0.00000     0.00000     0.00000
   -22.94266     0.00000     0.00000     0.00000     0.00000     0.00000     0.00000
   -22.76966     0.00000     0.00000     0.00000     0.00000     0.00000     0.00000
   -22.59566     0.00000     0.00000     0.00000     0.00000     0.00000     0.00000
   -22.42266     0.00000     0.00000     0.00000     0.00000     0.00000     0.00000
   -22.24966     0.00000     0.00000     0.00000     0.00000     0.00000     0.00000
   -22.07566     0.00000     0.00000     0.00000     0.00000     0.00000     0.00000
   -21.90266     0.00000     0.00000     0.00000     0.00000     0.00000     0.00000
   -21.72966     0.00000     0.00000     0.00000     0.00000     0.00000     0.00000
   -21.55566     0.00000     0.00000     0.00000     0.00000     0.00000     0.00000
   -21.38266     0.00000     0.00000     0.00000     0.00000     0.00000     0.00000
   -21.20966     0.00000     0.00000     0.00000     0.00000     0.00000     0.00000
   -21.03566     0.00000     0.00000     0.00000     0.00000     0.00000     0.00000
   -20.86266     0.00000     0.00000     0.00000     0.00000     0.00000     0.00000
   -20.68966     0.00000     0.00000     0.00000     0.00000     0.00000     0.00000
   -20.51566     0.00000     0.00000     0.00000     0.00000     0.00000     0.00000
   -20.34266     0.00000     0.00000     0.00000     0.00000     0.00000     0.00000
   -20.16966     0.00000     0.00000     0.00000     0.00000     0.00000     0.00000
   -19.99566     0.00000     0.00000     0.00000     0.00000     0.00000     0.00000
   -19.82266     0.00000     0.00000     0.00000     0.00000     0.00000     0.00000
   -19.64966     0.00000     0.00000     0.00000     0.00000     0.00000     0.00000
   -19.47566     0.00000     0.00000     0.00000     0.00000     0.00000     0.00000
   -19.30266     0.00000     0.00000     0.00000     0.00000     0.00000     0.00000
   -19.12966     0.00000     0.00000     0.00000     0.00000     0.00000     0.00000
   -18.95566     0.00000     0.00000     0.00000     0.00000     0.00000     0.00000
   -18.78266     0.00000     0.00000     0.00000     0.00000     0.00000     0.00000
   -18.60966     0.00000     0.00000     0.00000     0.00000     0.00000     0.00000
   -18.43566     0.00000     0.00000     0.00000     0.00000     0.00000     0.00000
   -18.26266     0.00000     0.00000     0.00000     0.00000     0.00000     0.00000
   -18.08966     0.00000     0.00000     0.00000     0.00000     0.00000     0.00000
   -17.91566     0.00000     0.00000     0.00000     0.00000     0.00000     0.00000
   -17.74266     0.00000     0.00000     0.00000     0.00000     0.00000     0.00000
   -17.56966     0.00000     0.00000     0.00000     0.00000     0.00000     0.00000
   -17.39566     0.00000     0.00000     0.00000     0.00000     0.00000     0.00000
   -17.22266     0.00000     0.00000     0.00000     0.00000     0.00000     0.00000
   -17.04966     0.00000     0.00000     0.00000     0.00000     0.00000     0.00000
   -16.87566     0.00000     0.00000     0.00000     0.00000     0.00000     0.00000
   -16.70266     0.00000     0.00000     0.00000     0.00000     0.00000     0.00000
   -16.52966     0.00000     0.00000     0.00000     0.00000     0.00000     0.00000
   -16.35566     0.00000     0.00000     0.00000     0.00000     0.00000     0.00000
   -16.18266     0.00000     0.00000     0.00000     0.00000     0.00000     0.00000
   -16.00966     0.00000     0.00000     0.00000     0.00000     0.00000     0.00000
   -15.83566     0.00000     0.00000     0.00000     0.00000     0.00000     0.00000
   -15.66266     0.00000     0.00000     0.00000     0.00000     0.00000     0.00000
   -15.48966     0.00000     0.00000     0.00000     0.00000     0.00000     0.00000
   -15.31566     0.00000     0.00000     0.00000     0.00000     0.00000     0.00000
   -15.14266     0.00000     0.00000     0.00000     0.00000     0.00000     0.00000
   -14.96966     0.00000     0.00000     0.00000     0.00000     0.00000     0.00000
   -14.79566     0.00000     0.00000     0.00000     0.00000     0.00000     0.00000
   -14.62266     0.00000     0.00000     0.00000     0.00000     0.00000     0.00000
   -14.44966     0.00000     0.00000     0.00000     0.00000     0.00000     0.00000
   -14.27566     0.00000     0.00000     0.00000     0.00000     0.00000     0.00000
   -14.10266     0.00000     0.00000     0.00000     0.00000     0.00000     0.00000
   -13.92966     0.00000     0.00000     0.00000     0.00000     0.00000     0.00000
   -13.75566     0.00000     0.00000     0.00000     0.00000     0.00000     0.00000
   -13.58266     0.00000     0.00000     0.00000     0.00000     0.00000     0.00000
   -13.40966     0.00000     0.00000     0.00000     0.00000     0.00000     0.00000
   -13.23566     0.00000     0.00000     0.00000     0.00000     0.00000     0.00000
   -13.06266     0.00000     0.00000     0.00000     0.00000     0.00000     0.00000
   -12.88966     0.00000     0.00000     0.00000     0.00000     0.00000     0.00000
   -12.71566     0.00000     0.00000     0.00000     0.00000     0.00000     0.00000
   -12.54266     0.00000     0.00000     0.00000     0.00000     0.00000     0.00000
   -12.36966     0.00000     0.00000     0.00000     0.00000     0.00000     0.00000
   -12.19566     0.00000     0.00000     0.00000     0.00000     0.00000     0.00000
   -12.02266     0.00000     0.00000     0.00000     0.00000     0.00000     0.00000
   -11.84966     0.00000     0.00000     0.00000     0.00000     0.00000     0.00000
   -11.67566     0.04509     0.01963     0.09620     0.02109     0.00001     0.01200
   -11.50266     0.03820     0.01754     0.08079     0.01912     0.00004     0.01117
   -11.32966     0.04307     0.02026     0.09075     0.02218     0.00007     0.01308
   -11.15566     0.04796     0.02303     0.10070     0.02532     0.00010     0.01503
   -10.98266     0.04767     0.02471     0.09897     0.02716     0.00020     0.01618
   -10.80966     0.04822     0.02689     0.09909     0.02946     0.00029     0.01743
   -10.63566     0.05108     0.02993     0.10430     0.03259     0.00037     0.01903
   -10.46266     0.05392     0.03306     0.10940     0.03581     0.00045     0.02065
   -10.28966     0.05674     0.03629     0.11450     0.03912     0.00053     0.02229
   -10.11566     0.06015     0.05093     0.11860     0.05071     0.00075     0.02566
    -9.94266     0.06329     0.06392     0.12320     0.06081     0.00092     0.02809
    -9.76966     0.06702     0.08628     0.12920     0.07658     0.00105     0.03040
    -9.59666     0.06969     0.11105     0.13290     0.09346     0.00118     0.03228
    -9.42266     0.07225     0.17315     0.13470     0.13131     0.00145     0.03536
    -9.24966     0.06460     0.38163     0.11810     0.24773     0.00151     0.03278
    -9.07666     0.04001     0.18861     0.07387     0.12096     0.00098     0.02069
    -8.90266     0.03091     0.17671     0.05681     0.10889     0.00081     0.01635
    -8.72966     0.03163     0.11727     0.05712     0.05081     0.00044     0.01538
    -8.55666     0.21970     0.52986     0.44050     0.07354     0.00439     0.09792
    -8.38266     0.22260     0.81690     0.43240     0.13986     0.00286     0.08706
    -8.20966     0.28360     1.59940     0.51340     0.33853     0.00141     0.08922
    -8.03666     0.10900     1.03940     0.13700     0.30005     0.00079     0.02255
    -7.86266     0.22090     2.54000     0.10470     0.85800     0.00224     0.03974
    -7.68966     0.00318     0.04441     0.00020     0.01982     0.00060     0.00107
    -7.51666     0.00288     0.05649     0.00018     0.02564     0.00104     0.00127
    -7.34266     0.00257     0.06854     0.00016     0.03141     0.00151     0.00149
    -7.16966     0.00231     0.08157     0.00017     0.03778     0.00202     0.00208
    -6.99666     0.00348     0.11602     0.00102     0.05703     0.00303     0.01014
    -6.82266     0.00459     0.13867     0.00154     0.06687     0.00447     0.01301
    -6.64966     0.00819     0.18539     0.00260     0.08959     0.00638     0.02107
    -6.47666     0.02963     0.47360     0.01192     0.25139     0.01266     0.09694
    -6.30266     0.04860     0.61910     0.02022     0.34675     0.01783     0.16195
    -6.12966     0.10980     1.00320     0.04746     0.56360     0.03643     0.33990
    -5.95666     0.00269     0.04285     0.00145     0.01934     0.01561     0.00811
    -5.78266     0.01417     0.37649     0.01541     0.18926     0.02583     0.11023
    -5.60966     0.01181     0.48062     0.01451     0.21989     0.02853     0.12986
    -5.43666     0.02092     0.66393     0.01908     0.27661     0.03377     0.14610
    -5.26266     0.01395     0.64287     0.01256     0.24566     0.04703     0.06773
    -5.08966     0.00829     0.64116     0.00823     0.23058     0.04810     0.03858
    -4.91666     0.00294     0.31730     0.00467     0.11443     0.04849     0.02516
    -4.74266     0.00551     0.73487     0.02543     0.27844     0.12622     0.66093
    -4.56966     0.00085     0.27628     0.00288     0.09353     0.18018     0.04351
    -4.39666     0.00720     0.64551     0.00636     0.20634     0.29520     0.36392
    -4.22266     0.00055     0.95850     0.00366     0.29717     0.51480     0.13350
    -4.04966     0.00143     0.16049     0.00580     0.04477     0.75914     0.81974
    -3.87666     0.00090     0.76266     0.00384     0.21721     0.91787     0.56148
    -3.70266     0.00082     0.21215     0.00366     0.05457     1.08307     0.90375
    -3.52966     0.00143     0.10592     0.00712     0.02093     1.87430     1.40823
    -3.35666     0.00213     0.12073     0.00581     0.01929     2.00030     1.64030
    -3.18266     0.00207     0.12642     0.00739     0.02423     2.17520     1.61619
    -3.00966     0.00057     0.04712     0.00616     0.01457     1.54840     1.12028
    -2.83666     0.00123     0.08991     0.01181     0.02865     1.37310     1.29540
    -2.66266     0.00082     0.04700     0.00407     0.00912     0.77030     1.06130
    -2.48966     0.00122     0.14931     0.01045     0.03421     1.36450     1.38750
    -2.31666     0.00079     0.13777     0.02231     0.04889     1.84310     1.48210
    -2.14266     0.00060     0.13037     0.01207     0.03203     2.05560     2.19870
    -1.96966     0.00037     0.12562     0.01143     0.03415     2.20860     2.14450
    -1.79666     0.00048     0.15316     0.01383     0.04146     2.37370     3.14570
    -1.62266     0.00028     0.03493     0.01232     0.01890     1.95690     2.13530
    -1.44966     0.00026     0.06653     0.00530     0.02733     2.06670     2.71209
    -1.27666     0.00036     0.04306     0.00722     0.02533     1.42360     0.87830
    -1.10266     0.00055     0.03170     0.01055     0.01720     1.47170     1.20890
    -0.92966     0.00031     0.02351     0.00795     0.01415     1.73140     1.14203
    -0.75666     0.00027     0.02432     0.00991     0.01705     1.83150     1.35950
    -0.58266     0.00034     0.02105     0.01098     0.01755     1.85250     1.88440
    -0.40966     0.00065     0.02632     0.01302     0.02390     1.94910     2.59190
    -0.23666     0.00031     0.03697     0.01281     0.02949     2.54940     2.18850
    -0.06266     0.00032     0.03413     0.01738     0.03054     3.84680     5.24380
     0.11034     0.00092     0.04268     0.04169     0.05190     1.22150     1.19347
     0.28334     0.00105     0.05360     0.02235     0.06521     0.57331     0.78439
     0.45734     0.00089     0.05265     0.01734     0.06428     0.50185     0.47185
     0.63034     0.00106     0.08004     0.02047     0.09973     0.48217     0.36433
     0.80334     0.00122     0.10711     0.02356     0.13203     0.41927     0.37491
     0.97734     0.00098     0.09529     0.01742     0.11611     0.20841     0.27138
     1.15034     0.00095     0.07423     0.01599     0.09336     0.20292     0.25168
     1.32334     0.00083     0.05027     0.01318     0.06659     0.18749     0.20938
     1.49734     0.00078     0.03409     0.01102     0.04992     0.17589     0.18843
     1.67034     0.00082     0.04577     0.01099     0.06457     0.17066     0.17332
     1.84334     0.00091     0.05600     0.01168     0.07805     0.17022     0.16579
     2.01734     0.00707     0.44499     0.07100     0.65465     0.44291     0.57008
     2.19034     0.00099     0.12035     0.01256     0.16445     0.26911     0.18520
     2.36334     0.00039     0.08309     0.00514     0.10903     0.24883     0.12082
     2.53734     0.00034     0.06123     0.00433     0.08337     0.10214     0.06916
     2.71034     0.00160     0.24474     0.01772     0.34010     0.14724     0.14645
     2.88334     0.00151     0.17359     0.01543     0.24831     0.09676     0.10723
     3.05734     0.00057     0.09772     0.00656     0.13974     0.09166     0.05988
     3.23034     0.00043     0.07910     0.00522     0.11308     0.04720     0.04176
     3.40334     0.00035     0.07382     0.00449     0.10519     0.04567     0.04466
     3.57734     0.00009     0.06212     0.00207     0.08775     0.10507     0.05334
     3.75034     0.00018     0.06506     0.00270     0.09666     0.10440     0.04430
     3.92334     0.00087     0.12126     0.00860     0.19480     0.10375     0.05793
     4.09734     0.00158     0.18866     0.01479     0.31729     0.07667     0.08992
     4.27034     0.00221     0.34887     0.02194     0.60727     0.11230     0.18384
     4.44334     0.00186     0.19792     0.01087     0.34642     0.06619     0.11803
     4.61734     0.00178     0.14737     0.00693     0.26227     0.04879     0.07802
     4.79034     0.00175     0.12107     0.00371     0.22272     0.03541     0.04695
     4.96334     0.00722     0.22181     0.00649     0.42326     0.02896     0.10321
     5.13734     0.00023     0.29186     0.00378     0.62067     0.02265     0.06377
     5.31034     0.00027     0.25543     0.00428     0.54954     0.06847     0.09219
     5.48334     0.00492     0.36739     0.01248     0.80523     0.03995     0.11016
     5.65734     0.00021     0.03031     0.00301     0.05620     0.01076     0.05128
     5.83034     0.00256     0.03034     0.00833     0.06338     0.01918     0.11040
     6.00334     0.01071     0.10192     0.01986     0.26017     0.05698     0.21474
     6.17734     0.00988     0.17671     0.02786     0.48829     0.00085     0.16924
     6.35034     0.00502     0.01324     0.01417     0.02614     0.00092     0.10126
     6.52334     0.00474     0.01408     0.01452     0.02432     0.06876     0.12402
     6.69734     0.00454     0.01654     0.01511     0.02566     0.10802     0.14768
     6.87034     0.00363     0.01735     0.01391     0.02229     0.15500     0.16678
     7.04334     0.00358     0.01539     0.01457     0.01028     0.12394     0.18003
     7.21734     0.00318     0.01102     0.00926     0.00897     0.10674     0.11950
     7.39034     0.00945     0.01109     0.00802     0.00986     0.09459     0.12832
     7.56334     0.00722     0.01059     0.00737     0.00952     0.10232     0.10980
     7.73734     0.00754     0.01048     0.00674     0.00985     0.11040     0.10537
     7.91034     0.00786     0.01067     0.00620     0.01032     0.11632     0.10289
     8.08334     0.00821     0.01273     0.00625     0.00967     0.07384     0.11061
     8.25634     0.00804     0.01055     0.00577     0.00920     0.09704     0.09233
     8.43034     0.00715     0.00814     0.00488     0.00796     0.10448     0.07316
     8.60334     0.00727     0.00774     0.00490     0.00813     0.12246     0.07144
     8.77634     0.00782     0.00765     0.00459     0.00744     0.10000     0.06945
     8.95034     0.00823     0.00777     0.00422     0.00749     0.09051     0.07086
     9.12334     0.01082     0.00977     0.00509     0.00854     0.09668     0.08418
     9.29634     0.01470     0.01635     0.00705     0.01060     0.10522     0.11793
     9.47034     0.00749     0.01681     0.00465     0.00976     0.06435     0.10138
     9.64334     0.00583     0.01395     0.00441     0.00984     0.06043     0.08311
     9.81634     0.00401     0.01442     0.00700     0.01176     0.10787     0.07317
     9.99034     0.00733     0.01865     0.01074     0.01638     0.19157     0.09087
    10.16334     0.00339     0.01676     0.00537     0.01258     0.09461     0.09097
    10.33634     0.00481     0.02154     0.00885     0.01478     0.13820     0.10857
    10.51034     0.00733     0.02605     0.01259     0.01587     0.15918     0.12099
    10.68334     0.00710     0.02071     0.00877     0.01212     0.10984     0.10281
    10.85634     0.00438     0.01491     0.00559     0.00875     0.07249     0.08197
    11.03034     0.01273     0.01252     0.00496     0.01073     0.06843     0.09324
    11.20334     0.02427     0.01167     0.00922     0.02353     0.13755     0.10238
    11.37634     0.02211     0.01391     0.00661     0.02000     0.14033     0.07448
    11.55034     0.02506     0.01549     0.00722     0.01918     0.13653     0.07817
    11.72334     0.02649     0.01503     0.00684     0.01556     0.10577     0.07820
    11.89634     0.03670     0.02404     0.01178     0.01679     0.12330     0.09334
    12.07034     0.06116     0.03828     0.01670     0.03043     0.16712     0.17716
    12.24334     0.01351     0.01037     0.00416     0.01179     0.06667     0.04549
    12.41634     0.02067     0.01297     0.00541     0.02174     0.08338     0.04718
    12.59034     0.02009     0.01315     0.00554     0.02289     0.09223     0.05462
    12.76334     0.02037     0.01586     0.00873     0.02674     0.10146     0.06438
    12.93634     0.02210     0.01940     0.01076     0.03783     0.10703     0.07055
    13.11034     0.02176     0.02229     0.01311     0.04300     0.10808     0.07627
    13.28334     0.01827     0.01806     0.01365     0.04268     0.12440     0.07828
    13.45634     0.02320     0.01887     0.02436     0.05395     0.13494     0.09385
    13.63034     0.02272     0.02563     0.02833     0.06568     0.15258     0.11702
    13.80334     0.02540     0.02657     0.03271     0.06354     0.12250     0.12875
    13.97634     0.03078     0.03140     0.03198     0.07681     0.12296     0.13884
    14.15034     0.02886     0.03132     0.03553     0.06810     0.11383     0.13381
    14.32334     0.02195     0.02179     0.02758     0.04884     0.08376     0.11557
    14.49634     0.02542     0.02477     0.03460     0.04933     0.06966     0.15050
    14.67034     0.02439     0.02354     0.03458     0.04967     0.06681     0.15672
    14.84334     0.01905     0.01875     0.02841     0.04272     0.06179     0.12962
    15.01634     0.00919     0.01002     0.01530     0.02864     0.05117     0.06625
    15.19034     0.00471     0.00596     0.00944     0.02162     0.04814     0.03818
    15.36334     0.00411     0.00528     0.00873     0.02013     0.04899     0.03665
    15.53634     0.00358     0.00504     0.00804     0.01854     0.04855     0.03466
    15.71034     0.00311     0.00503     0.00744     0.01737     0.04773     0.03276
    15.88334     0.00278     0.00515     0.00680     0.01662     0.04673     0.03085
    16.05634     0.00259     0.00544     0.00627     0.01643     0.04453     0.02931
    16.23034     0.00237     0.00579     0.00593     0.01597     0.04212     0.02802
    16.40334     0.00216     0.00620     0.00570     0.01545     0.03967     0.02686
    16.57634     0.00196     0.00665     0.00549     0.01501     0.03717     0.02578
    16.75034     0.00175     0.00710     0.00549     0.01468     0.03488     0.02526
    16.92334     0.00152     0.00741     0.00592     0.01435     0.03359     0.02612
    17.09634     0.00134     0.00774     0.00654     0.01427     0.03222     0.02751
    17.27034     0.00127     0.00810     0.00919     0.01510     0.03176     0.03421
    17.44334     0.00147     0.00857     0.02549     0.01793     0.03164     0.07629
    17.61634     0.00087     0.00860     0.00082     0.01381     0.02780     0.01081
    17.79034     0.00082     0.00902     0.00073     0.01435     0.02740     0.01051
    17.96334     0.00077     0.00946     0.00065     0.01493     0.02678     0.01030
    18.13634     0.00159     0.02537     0.00083     0.03774     0.02614     0.01899
    18.31034     0.00326     0.05983     0.00140     0.08621     0.02550     0.03744
    18.48334     0.00021     0.00049     0.00023     0.00247     0.02295     0.00414
    18.65634     0.00017     0.00041     0.00019     0.00228     0.02261     0.00394
    18.83034     0.00013     0.00033     0.00016     0.00210     0.02226     0.00374
    19.00334     0.00009     0.00026     0.00012     0.00192     0.02191     0.00354
    19.17634     0.00015     0.00038     0.00015     0.00420     0.02838     0.00931
    19.35034     0.00010     0.00030     0.00012     0.00339     0.02333     0.00813
    19.52334     0.00008     0.00015     0.00013     0.00226     0.01272     0.00573
    19.69634     0.00006     0.00009     0.00011     0.00129     0.00858     0.00369
    19.87034     0.00002     0.00002     0.00008     0.00019     0.00504     0.00119
    20.04334     0.00002     0.00002     0.00007     0.00012     0.00449     0.00098
    20.21634     0.00002     0.00002     0.00007     0.00011     0.00410     0.00092
    20.39034     0.00002     0.00002     0.00007     0.00010     0.00372     0.00086
    20.56334     0.00002     0.00001     0.00007     0.00009     0.00336     0.00079
    20.73634     0.00001     0.00001     0.00006     0.00008     0.00300     0.00073
    20.91034     0.00001     0.00001     0.00006     0.00007     0.00266     0.00066
    21.08334     0.00001     0.00001     0.00005     0.00006     0.00233     0.00059
    21.25634     0.00001     0.00001     0.00005     0.00005     0.00201     0.00052
    21.43034     0.00001     0.00001     0.00004     0.00005     0.00170     0.00045
    21.60334     0.00001     0.00001     0.00004     0.00004     0.00140     0.00039
    21.77634     0.00001     0.00001     0.00003     0.00003     0.00112     0.00032
    21.95034     0.00001     0.00000     0.00003     0.00002     0.00084     0.00024
    22.12334     0.00000     0.00000     0.00002     0.00002     0.00058     0.00017
    22.29634     0.00000     0.00000     0.00001     0.00001     0.00033     0.00010
    22.47034     0.00000     0.00000     0.00000     0.00000     0.00008     0.00003
    22.64334     0.00000     0.00000     0.00000     0.00000     0.00000     0.00000
    22.81634     0.00000     0.00000     0.00000     0.00000     0.00000     0.00000
    22.99034     0.00000     0.00000     0.00000     0.00000     0.00000     0.00000
    23.16334     0.00000     0.00000     0.00000     0.00000     0.00000     0.00000
    23.33634     0.00000     0.00000     0.00000     0.00000     0.00000     0.00000
    23.51034     0.00000     0.00000     0.00000     0.00000     0.00000     0.00000
    23.68334     0.00000     0.00000     0.00000     0.00000     0.00000     0.00000
    23.85634     0.00000     0.00000     0.00000     0.00000     0.00000     0.00000
    24.03034     0.00000     0.00000     0.00000     0.00000     0.00000     0.00000
    24.20334     0.00000     0.00000     0.00000     0.00000     0.00000     0.00000
    24.37634     0.00000     0.00000     0.00000     0.00000     0.00000     0.00000
    24.55034     0.00000     0.00000     0.00000     0.00000     0.00000     0.00000
    24.72334     0.00000     0.00000     0.00000     0.00000     0.00000     0.00000
    24.89634     0.00000     0.00000     0.00000     0.00000     0.00000     0.00000
